TransactionAmount,CustomerAge,TransactionDuration,LoginAttempts,AccountBalance,TransactionType,Location,Channel,CustomerOccupation,TransactionAmount_bin,AccountBalance_bin,Target
14.089999999999975,70.0,81.0,1.0,5112.21,Debit,San Diego,ATM,Doctor,Low,Medium,1
376.24,68.0,141.0,1.0,13758.91,Debit,Houston,ATM,Doctor,Medium,High,0
126.29000000000002,19.0,56.0,1.0,1122.35,Debit,Mesa,Online,Student,Low,Low,0
184.5,26.0,25.0,1.0,8569.06,Debit,Raleigh,Online,Student,Low,Medium,1
92.15,18.0,172.0,1.0,781.6800000000003,Debit,Oklahoma City,ATM,Student,Low,Low,0
7.079999999999984,37.0,139.0,1.0,13316.71,Credit,Seattle,ATM,Doctor,Low,High,1
171.42,67.0,291.0,1.0,2796.24,Credit,Indianapolis,Branch,Retired,Low,Low,0
106.23000000000002,51.0,86.0,1.0,9095.14,Credit,Detroit,Branch,Engineer,Low,Medium,2
815.96,55.0,120.0,1.0,1021.8800000000006,Debit,Nashville,ATM,Doctor,High,Low,0
17.779999999999973,52.0,59.0,1.0,7599.52,Credit,Albuquerque,Online,Engineer,Low,Medium,2
190.02,21.0,173.0,1.0,1528.81,Debit,Memphis,Online,Student,Low,Low,0
494.52,24.0,111.0,1.0,1620.02,Credit,Mesa,Branch,Student,Medium,Low,0
781.76,26.0,123.0,1.0,189.6899999999996,Debit,Memphis,ATM,Student,High,Low,0
166.99,18.0,134.0,1.0,299.9300000000003,Debit,Louisville,Online,Student,Low,Low,0
465.45,36.0,129.0,1.0,3465.54,Debit,Denver,ATM,Engineer,Medium,Low,2
555.8,19.0,158.0,1.0,1131.2600000000002,Credit,Austin,Branch,Student,Medium,Low,2
492.93,39.0,234.0,1.0,5109.97,Debit,Columbus,Online,Engineer,Medium,Medium,2
18.680000000000007,59.0,106.0,1.0,7948.37,Credit,Albuquerque,Branch,Retired,Low,Medium,2
71.48000000000005,18.0,169.0,1.0,6568.59,Credit,Columbus,Online,Student,Low,Medium,2
59.31999999999999,71.0,38.0,1.0,5750.89,Debit,Los Angeles,Branch,Retired,Low,Medium,0
85.76999999999995,38.0,93.0,1.0,9146.19,Debit,Las Vegas,Branch,Doctor,Low,Medium,0
52.19999999999999,39.0,120.0,1.0,8974.93,Debit,Atlanta,Online,Engineer,Low,Medium,2
145.54,21.0,96.0,1.0,1930.96,Debit,Raleigh,Online,Student,Low,Low,1
7.490000000000009,65.0,276.0,1.0,3634.67,Credit,Houston,Online,Retired,Low,Low,0
40.31999999999999,37.0,95.0,1.0,2686.52,Debit,Milwaukee,Branch,Engineer,Low,Low,0
127.44999999999999,44.0,197.0,1.0,1772.06,Debit,Las Vegas,Online,Doctor,Low,Low,0
56.170000000000016,27.0,283.0,1.0,1351.69,Debit,Detroit,Branch,Student,Low,Low,2
28.310000000000002,59.0,20.0,1.0,8334.47,Credit,Miami,Online,Doctor,Low,Medium,0
59.12000000000003,29.0,257.0,1.0,9823.64,Debit,Baltimore,ATM,Doctor,Low,Medium,2
877.81,22.0,150.0,1.0,399.0,Debit,Los Angeles,Online,Student,High,Low,0
255.26,45.0,50.0,1.0,14815.87,Credit,San Francisco,Branch,Doctor,Low,High,1
124.75999999999999,49.0,45.0,1.0,5764.72,Debit,Seattle,Branch,Engineer,Low,Medium,1
78.13,26.0,145.0,1.0,900.6099999999997,Debit,Milwaukee,Branch,Student,Low,Low,0
335.63,55.0,216.0,1.0,1019.3899999999999,Debit,Oklahoma City,Online,Retired,Medium,Low,0
328.47,63.0,119.0,1.0,4323.66,Debit,San Antonio,ATM,Retired,Medium,Low,1
34.01999999999998,38.0,19.0,1.0,14214.48,Debit,Philadelphia,Online,Doctor,Low,High,1
241.42,57.0,116.0,1.0,13357.02,Credit,Charlotte,Online,Doctor,Low,High,2
55.31999999999999,19.0,117.0,1.0,241.78999999999996,Debit,Tucson,ATM,Student,Low,Low,1
304.31,27.0,33.0,1.0,868.6099999999997,Debit,Louisville,Branch,Student,Medium,Low,0
435.27,74.0,90.0,1.0,4673.28,Debit,Chicago,Branch,Retired,Medium,Low,2
164.49,26.0,75.0,1.0,1509.27,Debit,Baltimore,Branch,Student,Low,Low,2
510.24,19.0,105.0,1.0,781.6999999999998,Debit,Oklahoma City,Online,Student,Medium,Low,0
626.9,26.0,138.0,1.0,265.5100000000002,Debit,Denver,Online,Student,High,Low,2
22.00999999999999,41.0,175.0,1.0,1335.0900000000001,Credit,Sacramento,Online,Engineer,Low,Low,1
425.34,69.0,121.0,1.0,3907.54,Credit,Kansas City,Online,Retired,Medium,Low,0
424.56,51.0,264.0,1.0,5183.85,Debit,Omaha,Online,Engineer,Medium,Medium,0
85.43,67.0,145.0,1.0,14904.9,Debit,Virginia Beach,Branch,Doctor,Low,High,1
169.5,28.0,142.0,1.0,918.8800000000001,Debit,San Diego,Branch,Student,Low,Low,1
104.63,62.0,90.0,1.0,4477.78,Debit,Omaha,ATM,Retired,Low,Low,0
316.95,25.0,83.0,1.0,1324.0299999999997,Debit,Mesa,Branch,Student,Medium,Low,0
60.539999999999964,57.0,52.0,1.0,3534.93,Credit,Columbus,Branch,Retired,Low,Low,2
292.56,68.0,61.00000000000001,1.0,4638.37,Credit,Dallas,Branch,Retired,Low,Low,2
386.52,48.0,27.999999999999986,1.0,5630.61,Debit,Indianapolis,Branch,Engineer,Medium,Medium,0
112.07,23.0,51.0,1.0,930.3000000000002,Debit,Kansas City,Branch,Student,Low,Low,0
568.52,46.0,152.0,1.0,5499.91,Debit,Indianapolis,ATM,Engineer,Medium,Medium,0
349.64,48.0,226.0,1.0,6651.62,Debit,Las Vegas,Online,Engineer,Medium,Medium,0
601.4,56.0,104.0,1.0,8458.29,Credit,Philadelphia,Branch,Engineer,Medium,Medium,1
5.769999999999982,50.0,124.0,1.0,13988.12,Debit,Charlotte,Online,Doctor,Low,High,2
201.33,42.0,186.0,1.0,2585.07,Credit,Nashville,Branch,Engineer,Low,Low,0
298.42,56.0,225.0,1.0,3014.75,Debit,Indianapolis,Branch,Retired,Low,Low,0
521.06,25.0,128.0,1.0,1951.42,Debit,Albuquerque,Branch,Student,Medium,Low,2
117.28,60.0,16.0,1.0,3665.77,Credit,Austin,Online,Engineer,Low,Low,2
189.12,32.0,103.0,1.0,977.0100000000002,Credit,Indianapolis,,Engineer,Low,Low,0
133.55000000000004,44.0,220.0,1.0,3846.28,Debit,Atlanta,ATM,Engineer,Low,Low,2
143.21,35.0,135.0,1.0,6374.82,Debit,Dallas,Online,Engineer,Low,Medium,2
24.769999999999982,62.0,55.0,1.0,5866.01,Debit,Boston,ATM,Retired,Low,Medium,2
233.92,26.0,280.0,1.0,6537.62,Credit,Jacksonville,Online,Student,Low,Medium,0
232.12,37.0,51.0,1.0,6689.87,Debit,,ATM,Engineer,Low,Medium,1
91.53,44.0,69.0,1.0,14676.05,Debit,Milwaukee,Branch,Doctor,Low,High,0
120.29000000000002,19.0,77.0,1.0,1362.3900000000003,Debit,Miami,Branch,Student,Low,Low,0
174.25,50.0,67.0,1.0,10528.34,Debit,Seattle,Online,Doctor,Low,High,1
183.71,38.0,102.0,1.0,552.5200000000004,Debit,Denver,ATM,Engineer,Low,Low,2
345.39,58.0,80.0,1.0,6451.96,Credit,Phoenix,,Engineer,Medium,Medium,1
259.91,49.0,170.0,1.0,7176.86,Debit,Denver,Online,Doctor,Low,Medium,2
154.71,34.0,157.0,1.0,1523.7200000000003,Debit,San Diego,Online,Doctor,Low,Low,1
24.560000000000002,64.0,69.0,1.0,9869.93,Debit,Mesa,Branch,Doctor,Low,Medium,0
568.07,48.0,115.0,1.0,10556.81,,Washington,ATM,Doctor,Medium,High,1
9.610000000000014,58.0,179.0,1.0,12883.91,Credit,San Diego,Online,Doctor,Low,High,1
392.96,24.0,100.0,1.0,791.6499999999996,Debit,Kansas City,Online,Student,Medium,Low,0
716.93,60.0,34.0,1.0,4064.02,Credit,Milwaukee,Online,Retired,High,Low,0
230.66,21.0,135.0,1.0,618.0500000000002,Debit,Houston,Branch,Student,Low,Low,0
644.17,29.0,72.0,1.0,1143.5199999999995,Debit,San Antonio,ATM,Engineer,High,Low,1
508.68,51.0,127.0,1.0,7708.41,Credit,Mesa,Branch,Engineer,Medium,Medium,0
858.63,27.0,185.0,1.0,1872.96,Credit,San Francisco,Branch,Student,High,Low,1
25.360000000000014,57.0,78.0,1.0,201.03999999999996,Debit,Louisville,ATM,Engineer,Low,Low,0
147.62,71.0,133.0,1.0,2115.8,Debit,Charlotte,Branch,Retired,Low,Low,2
115.01999999999998,37.0,175.0,1.0,7643.66,Debit,San Antonio,Branch,Doctor,Low,Medium,1
383.37,30.0,24.0,1.0,8901.93,Debit,Fort Worth,Branch,Engineer,Medium,Medium,2
98.54000000000002,20.0,167.0,1.0,9383.43,Credit,El Paso,Online,Student,Low,Medium,2
83.23999999999998,55.0,164.0,1.0,1181.3100000000004,,Fort Worth,Branch,Doctor,Low,Low,2
196.16,27.0,146.0,1.0,9418.86,Debit,Virginia Beach,Branch,Engineer,Low,Medium,1
129.94,32.0,235.0,1.0,7954.92,Debit,Las Vegas,ATM,Engineer,Low,Medium,0
306.9,46.0,51.0,1.0,9418.08,Debit,Colorado Springs,Online,Engineer,Medium,Medium,2
114.98000000000002,59.0,80.0,1.0,6144.68,Debit,Seattle,Online,Retired,Low,Medium,1
756.59,27.0,17.0,1.0,420.64999999999964,Debit,Sacramento,Branch,Student,High,Low,1
503.76,22.0,35.0,1.0,447.8199999999997,Debit,Los Angeles,Online,Student,Medium,Low,0
143.03,63.0,147.0,1.0,7981.45,Debit,San Antonio,ATM,Retired,Low,Medium,1
245.54,25.0,180.0,1.0,985.0599999999995,,New York,ATM,Student,Low,Low,0
254.37,51.0,174.0,1.0,8849.26,Credit,Dallas,Online,Engineer,Low,Medium,2
213.76,78.0,282.0,1.0,3528.72,Credit,Dallas,ATM,Retired,Low,Low,2
327.86,40.0,104.0,1.0,480.15999999999985,Debit,Fresno,Online,Engineer,Medium,Low,2
2.5,47.0,107.0,1.0,12145.27,Debit,San Diego,Online,Doctor,Low,High,1
300.08,68.0,47.0,1.0,13546.75,Credit,Austin,Online,Doctor,Low,High,2
407.65,26.0,62.0,1.0,8346.64,Debit,Boston,Online,Engineer,Medium,Medium,2
115.82999999999998,39.0,167.0,1.0,6481.04,Debit,Fresno,Branch,Engineer,Low,Medium,2
53.56999999999999,69.0,121.0,1.0,1651.33,Debit,Houston,ATM,Retired,Low,Low,0
63.34,46.0,165.0,1.0,11174.94,Credit,Detroit,Online,Doctor,Low,High,2
317.87,27.0,91.0,1.0,145.5,Debit,Detroit,Online,Student,Medium,Low,2
331.65,41.0,61.00000000000001,1.0,4172.57,Debit,Portland,Online,Engineer,Medium,Low,1
5.0400000000000205,56.0,41.0,1.0,5558.36,Debit,Washington,ATM,Retired,Low,Medium,1
214.54,70.0,247.0,1.0,11151.53,Credit,Detroit,Online,Doctor,Low,High,2
598.81,57.0,158.0,1.0,1415.52,Debit,Philadelphia,Branch,Doctor,Medium,Low,1
841.28,26.0,80.0,1.0,1103.6400000000003,Debit,Tucson,Online,Student,High,Low,1
38.14999999999998,26.0,108.0,1.0,303.6800000000003,Debit,Mesa,Online,Student,Low,Low,0
124.72,33.0,105.0,1.0,6309.8,Debit,Oklahoma City,Branch,Engineer,Low,Medium,0
302.45,78.0,40.0,1.0,5133.61,Credit,San Antonio,Branch,Retired,Medium,Medium,1
208.04,47.0,273.0,1.0,9344.98,Debit,Louisville,Online,Engineer,Low,Medium,0
5.769999999999982,23.0,254.0,1.0,1117.9699999999998,Credit,Los Angeles,Branch,Student,Low,Low,0
381.33,56.0,75.0,1.0,11835.35,Debit,Albuquerque,ATM,Doctor,Medium,High,2
16.160000000000025,50.0,124.0,1.0,14401.17,Debit,Milwaukee,ATM,Doctor,Low,High,0
486.08,18.0,68.0,1.0,1748.69,Debit,Oklahoma City,Online,Student,Medium,Low,0
336.39,21.0,18.0,1.0,1000.46,Debit,San Antonio,Branch,Student,Medium,Low,1
234.57,23.0,120.0,1.0,263.97999999999956,Debit,Chicago,Online,Student,Low,Low,2
6.0,30.0,246.0,1.0,5442.76,Debit,Chicago,Online,Doctor,Low,Medium,2
227.14,18.0,294.0,1.0,341.9399999999996,Debit,Charlotte,ATM,Student,Low,Low,2
233.74,66.0,17.0,1.0,1066.5900000000001,Credit,Oklahoma City,Online,Retired,Low,Low,0
45.849999999999994,20.0,92.0,1.0,1659.15,Debit,Los Angeles,ATM,Student,Low,Low,0
415.5,66.0,141.0,1.0,10113.66,Debit,Memphis,ATM,Doctor,Medium,High,0
265.76,54.0,92.0,1.0,4446.17,Debit,Philadelphia,Online,Retired,Low,Low,1
69.4,80.0,113.0,1.0,6452.77,Debit,Virginia Beach,Online,Retired,Low,Medium,1
332.93,35.0,293.0,1.0,2788.2,Credit,Albuquerque,Branch,Engineer,Medium,Low,2
267.9,20.0,160.0,1.0,596.1599999999999,Debit,San Antonio,Online,Student,Low,Low,1
496.03,61.0,265.0,1.0,12904.66,Debit,San Francisco,Branch,Doctor,Medium,High,1
376.26,37.0,245.0,1.0,9062.4,Debit,Tucson,ATM,Engineer,Medium,Medium,1
83.01999999999998,36.0,171.0,1.0,9009.56,Credit,Seattle,Online,Engineer,Low,Medium,1
93.25999999999999,20.0,72.0,1.0,1152.1999999999998,Credit,New York,Online,Student,Low,Low,0
803.37,68.0,129.0,1.0,12168.37,Credit,Memphis,Branch,Doctor,High,High,0
35.75999999999999,23.0,122.0,1.0,611.8599999999997,Debit,Charlotte,Branch,Student,Low,Low,2
28.529999999999973,62.0,99.0,1.0,8670.53,Debit,Washington,Online,Doctor,Low,Medium,1
139.53,53.0,177.0,1.0,10098.86,Credit,Louisville,Online,Doctor,Low,High,0
307.57,33.0,285.0,1.0,5307.74,Debit,Detroit,Branch,Doctor,Medium,Medium,2
60.650000000000006,56.0,53.0,1.0,1047.2799999999997,Credit,Tucson,Branch,Retired,Low,Low,1
74.86000000000001,70.0,125.0,1.0,6921.48,Debit,Nashville,Branch,Doctor,Low,Medium,0
231.91,34.0,165.0,1.0,112.76000000000022,Debit,Memphis,ATM,Engineer,Low,Low,0
126.20999999999998,75.0,268.0,1.0,5669.66,Debit,Baltimore,Branch,Retired,Low,Medium,2
304.35,31.0,36.0,1.0,4057.1,Debit,Houston,Branch,Engineer,Medium,Low,0
281.85,22.0,109.0,1.0,1585.98,Debit,Detroit,ATM,Student,Low,Low,2
777.88,31.0,17.0,1.0,6825.55,Debit,Houston,Branch,Engineer,High,Medium,0
119.18,56.0,96.0,1.0,5516.5,Debit,Los Angeles,Branch,Retired,Low,Medium,0
177.19,76.0,43.000000000000014,1.0,5343.3,Debit,Chicago,Online,Retired,Low,Medium,2
260.88,22.0,36.0,1.0,903.0500000000002,Debit,Denver,Branch,Student,Low,Low,2
169.47,24.0,19.0,1.0,1806.1599999999999,Debit,Chicago,Online,Student,Low,Low,2
73.23000000000002,26.0,13.999999999999986,1.0,787.7399999999998,Debit,Portland,Branch,Student,Low,Low,1
792.57,19.0,164.0,1.0,770.3699999999999,Debit,Baltimore,ATM,Student,High,Low,2
237.06,71.0,46.0,1.0,1182.7699999999995,Debit,Phoenix,Online,Retired,Low,Low,1
34.170000000000016,54.0,54.0,1.0,726.5500000000002,Credit,Philadelphia,Online,Engineer,Low,Low,1
740.25,41.0,123.0,1.0,14464.3,Debit,Philadelphia,Online,Doctor,High,High,1
453.54,58.0,82.0,1.0,12046.3,Debit,Albuquerque,ATM,Doctor,Medium,High,2
300.47,73.0,100.0,1.0,7885.64,Debit,Jacksonville,Branch,Retired,Low,Medium,0
110.93,19.0,201.0,1.0,1952.35,Credit,Virginia Beach,Branch,Student,Low,Low,1
201.69,59.0,299.0,1.0,7328.52,Debit,Las Vegas,ATM,Doctor,Low,Medium,0
399.21,59.0,109.0,1.0,3210.39,Debit,Portland,ATM,Engineer,Medium,Low,1
630.36,62.0,52.0,1.0,1363.65,Debit,Mesa,ATM,Retired,High,Low,0
10.939999999999998,60.0,245.0,1.0,1241.9899999999998,Credit,Philadelphia,ATM,Engineer,Low,Low,1
215.9,38.0,235.0,1.0,7873.28,Debit,Los Angeles,ATM,Doctor,Low,Medium,0
226.37,49.0,141.0,1.0,9840.04,,Louisville,Branch,Doctor,Low,Medium,0
444.89,43.0,101.0,1.0,10328.23,Credit,Las Vegas,Branch,Doctor,Medium,High,0
280.57,25.0,24.0,1.0,293.2399999999998,Credit,Virginia Beach,Online,Student,Low,Low,1
488.54,52.0,132.0,1.0,7486.63,Debit,Jacksonville,Branch,Engineer,Medium,Medium,0
3.3000000000000114,50.0,131.0,1.0,11385.37,Credit,Los Angeles,Branch,Doctor,Low,High,0
199.39,69.0,165.0,1.0,7264.79,,Colorado Springs,Branch,Retired,Low,Medium,2
20.360000000000014,62.0,75.0,1.0,2762.48,Debit,Tucson,Branch,Retired,Low,Low,1
493.11,53.0,236.0,1.0,7432.99,Debit,Colorado Springs,Branch,Retired,Medium,Medium,2
307.41,19.0,13.999999999999986,1.0,1057.0000000000005,Debit,Los Angeles,ATM,Student,Medium,Low,0
11.180000000000007,43.0,161.0,1.0,5956.89,Debit,Atlanta,Online,Doctor,Low,Medium,2
313.82,59.0,151.0,1.0,7261.59,Debit,Tucson,Branch,Engineer,Medium,Medium,1
140.98,60.0,100.0,1.0,8127.48,Debit,Memphis,Branch,Engineer,Low,Medium,0
288.04,68.0,63.0,1.0,1748.02,Debit,Denver,ATM,Retired,Low,Low,2
800.55,31.0,108.0,1.0,9660.22,Debit,Oklahoma City,ATM,Engineer,High,Medium,0
485.54,46.0,143.0,1.0,6371.51,Debit,Houston,ATM,Engineer,Medium,Medium,0
521.15,54.0,214.0,1.0,9442.47,Debit,Kansas City,ATM,Doctor,Medium,Medium,0
304.93,65.0,158.0,1.0,13531.22,Debit,Portland,ATM,Doctor,Medium,High,1
432.08,40.0,145.0,1.0,11500.62,,El Paso,ATM,Doctor,Medium,High,2
694.2,61.0,72.0,1.0,1389.37,Debit,Milwaukee,ATM,Retired,High,Low,0
116.86000000000001,55.0,171.0,1.0,6706.56,Debit,Louisville,ATM,Engineer,Low,Medium,0
74.88,25.0,202.0,1.0,420.6700000000001,Debit,Atlanta,ATM,Student,Low,Low,2
890.24,33.0,161.0,1.0,5140.93,Credit,Las Vegas,Online,Engineer,High,Medium,0
361.27,63.0,180.0,1.0,7945.57,Debit,Omaha,ATM,Doctor,Medium,Medium,0
131.56,44.0,42.0,1.0,5873.54,Debit,Charlotte,Branch,Doctor,Low,Medium,2
485.51,76.0,37.0,1.0,3074.45,Credit,Milwaukee,Online,Retired,Medium,Low,0
547.87,64.0,131.0,1.0,6155.76,Debit,Columbus,ATM,Retired,Medium,Medium,2
457.3,28.0,15.0,1.0,8318.29,Debit,Virginia Beach,Online,Engineer,Medium,Medium,1
506.24,58.0,64.0,1.0,230.09000000000015,Debit,Chicago,ATM,Engineer,Medium,Low,2
486.59,57.0,119.0,1.0,2513.56,Debit,Indianapolis,Branch,Retired,Medium,Low,0
163.68,41.0,292.0,1.0,10090.05,Debit,San Diego,Branch,Doctor,Low,High,1
581.65,22.0,176.0,1.0,480.1899999999996,Debit,Boston,ATM,Student,Medium,Low,2
52.01000000000002,48.0,85.0,1.0,1120.8799999999997,Debit,Mesa,ATM,Doctor,Low,Low,0
630.24,21.0,62.0,1.0,370.8100000000004,Debit,Boston,ATM,Student,High,Low,2
523.74,43.0,159.0,1.0,13498.55,Debit,Oklahoma City,ATM,Doctor,Medium,High,0
217.5,46.0,35.0,1.0,3057.4,Credit,Denver,Branch,Engineer,Low,Low,2
91.48000000000002,51.0,141.0,1.0,14942.78,Debit,Fort Worth,ATM,Doctor,Low,High,2
5.25,39.0,49.0,1.0,14143.32,Debit,San Jose,ATM,Doctor,Low,High,1
54.03,56.0,161.0,1.0,6736.3,Credit,Milwaukee,ATM,Retired,Low,Medium,0
736.73,48.0,10.0,1.0,3313.07,Debit,Memphis,Branch,Engineer,High,Low,0
368.91,54.0,13.999999999999986,1.0,829.71,,Virginia Beach,Branch,Doctor,Medium,Low,1
33.06,53.0,170.0,1.0,1540.87,Credit,Fort Worth,Online,Retired,Low,Low,2
66.5,32.0,144.0,1.0,6820.23,Credit,Louisville,Online,Engineer,Low,Medium,0
177.08,35.0,85.0,1.0,13475.14,Debit,Las Vegas,,Doctor,Low,High,0
588.54,32.0,130.0,1.0,714.4499999999998,Debit,Portland,Branch,Engineer,Medium,Low,1
173.5,21.0,282.0,1.0,1306.9099999999999,Debit,Nashville,ATM,Student,Low,Low,0
78.32999999999998,56.0,189.0,1.0,7255.33,Credit,Memphis,Online,Engineer,Low,Medium,0
40.65999999999997,59.0,156.0,1.0,1153.8400000000001,Debit,Louisville,Branch,Retired,Low,Low,0
97.22,77.0,55.0,1.0,6647.73,Credit,Atlanta,Branch,Retired,Low,Medium,2
34.06999999999999,22.0,81.0,1.0,8709.77,Debit,Philadelphia,Branch,Student,Low,Medium,1
492.06,23.0,74.0,1.0,857.8999999999996,Debit,Fresno,Online,Student,Medium,Low,2
842.01,53.0,185.0,1.0,509.4499999999998,Credit,Virginia Beach,Online,Doctor,High,Low,1
73.55000000000001,51.0,158.0,1.0,2812.06,Debit,Atlanta,ATM,Engineer,Low,Low,2
760.53,57.0,118.0,1.0,6179.91,Debit,Phoenix,Online,Engineer,High,Medium,1
371.69,67.0,143.0,1.0,3484.32,Debit,San Francisco,Branch,Retired,Medium,Low,1
218.96,18.0,13.0,1.0,754.21,Debit,Seattle,ATM,Student,Low,Low,1
227.39,18.0,65.0,1.0,751.0900000000001,Debit,Atlanta,Online,Student,Low,Low,2
237.99,39.0,86.0,1.0,8510.09,Credit,Kansas City,Branch,Doctor,Low,Medium,0
186.6,58.0,13.0,1.0,1508.7200000000003,Debit,,Online,Doctor,Low,Low,1
341.15,18.0,148.0,1.0,511.3699999999999,Debit,San Jose,Online,Student,Medium,Low,1
434.58,59.0,215.0,1.0,12648.32,Debit,Memphis,ATM,Doctor,Medium,High,0
312.88,54.0,44.0,1.0,233.21000000000004,Credit,Portland,Branch,Engineer,Medium,Low,1
75.15,23.0,154.0,1.0,1092.9199999999996,Debit,Boston,ATM,Student,Low,Low,2
23.30000000000001,59.0,161.0,1.0,6711.15,Debit,Los Angeles,ATM,Engineer,Low,Medium,0
47.379999999999995,25.0,61.00000000000001,1.0,459.3699999999999,Credit,Seattle,Online,Student,Low,Low,1
512.81,79.0,30.0,1.0,6994.34,Debit,Sacramento,Branch,Retired,Medium,Medium,1
488.15,43.0,168.0,1.0,7071.09,Debit,Louisville,Branch,Engineer,Medium,Medium,0
12.819999999999993,44.0,156.0,1.0,9045.19,Debit,Fort Worth,ATM,Engineer,Low,Medium,2
535.91,43.0,22.0,1.0,9642.12,Debit,Las Vegas,Online,Engineer,Medium,Medium,0
270.72,26.0,53.0,1.0,6263.96,Credit,Washington,Online,Engineer,Low,Medium,1
97.98000000000002,72.0,18.0,1.0,7460.33,Debit,Denver,Branch,Retired,Low,Medium,2
196.08,61.0,98.0,1.0,4233.82,Debit,San Francisco,Online,Retired,Low,Low,1
251.18,42.0,246.0,1.0,8303.9,Debit,San Jose,ATM,Engineer,Low,Medium,1
44.52000000000001,28.0,205.0,1.0,314.27999999999975,Debit,El Paso,Online,Student,Low,Low,2
178.87,35.0,180.0,1.0,5241.23,Debit,Baltimore,Online,Doctor,Low,Medium,2
386.68,46.0,128.0,1.0,6863.06,Debit,New York,Branch,Doctor,Medium,Medium,0
167.14,76.0,20.0,1.0,3877.73,Debit,Denver,Online,Retired,Low,Low,2
345.22,69.0,253.0,1.0,4046.58,Debit,Fresno,Branch,Retired,Medium,Low,2
74.85,72.0,117.0,1.0,2409.73,Debit,Raleigh,ATM,Retired,Low,Low,1
671.73,58.0,54.0,1.0,5211.88,Debit,Washington,Branch,Engineer,High,Medium,1
255.04,45.0,152.0,1.0,6217.86,Debit,Seattle,ATM,Engineer,Low,Medium,1
45.77000000000001,25.0,109.0,1.0,5978.12,Debit,Philadelphia,Online,Student,Low,Medium,1
329.69,26.0,66.0,1.0,1671.6599999999999,Credit,San Antonio,Online,Student,Medium,Low,1
11.920000000000016,53.0,52.0,1.0,14611.9,Debit,San Diego,,Doctor,Low,High,1
47.420000000000016,64.0,27.999999999999986,1.0,8253.52,Debit,San Diego,ATM,Doctor,Low,Medium,1
35.99000000000001,63.0,129.0,1.0,4489.79,Debit,Miami,Branch,Retired,Low,Low,0
151.19,37.0,96.0,1.0,11903.82,Credit,New York,Branch,Doctor,Low,High,0
242.62,22.0,234.0,1.0,483.02000000000044,Credit,San Francisco,Online,Student,Low,Low,1
48.72,21.0,17.0,1.0,816.0799999999999,Debit,Virginia Beach,Branch,Student,Low,Low,1
43.46000000000001,25.0,80.0,1.0,578.0599999999995,Debit,Boston,ATM,Student,Low,Low,2
443.79,53.0,87.0,1.0,3133.85,Debit,Las Vegas,ATM,Retired,Medium,Low,0
365.14,68.0,57.0,1.0,5894.09,Debit,Dallas,Online,Retired,Medium,Medium,2
757.41,22.0,37.0,1.0,9532.42,Debit,Los Angeles,ATM,Student,High,Medium,0
20.54000000000002,51.0,72.0,1.0,5327.03,Debit,Fort Worth,Branch,Engineer,Low,Medium,2
475.36,34.0,105.0,1.0,2000.6,Debit,Phoenix,ATM,Engineer,Medium,Low,1
34.74000000000001,56.0,24.0,1.0,6827.57,Debit,San Francisco,ATM,Retired,Low,Medium,1
689.54,27.0,93.0,1.0,1633.7600000000002,Debit,Oklahoma City,Branch,Student,High,Low,0
211.18,73.0,90.0,1.0,4069.17,Debit,Washington,ATM,Retired,Low,Low,1
211.36,51.0,286.0,1.0,7943.47,Credit,Fort Worth,Branch,Engineer,Low,Medium,2
744.41,39.0,107.0,1.0,8842.47,Credit,Houston,Online,Engineer,High,Medium,0
61.43000000000001,24.0,170.0,1.0,1882.77,Debit,Phoenix,Online,Student,Low,Low,1
167.44,37.0,82.0,1.0,12526.71,Debit,Mesa,Branch,Doctor,Low,High,0
361.46,21.0,83.0,1.0,4737.84,Debit,Nashville,Online,Student,Medium,Low,0
378.85,78.0,126.0,1.0,2300.53,Debit,Virginia Beach,Branch,Retired,Medium,Low,1
241.11,30.0,55.0,1.0,12385.05,Debit,Columbus,Branch,Doctor,Low,High,2
131.93,31.0,13.0,1.0,4547.06,Credit,Fort Worth,Branch,Engineer,Low,Low,2
20.279999999999973,36.0,213.0,1.0,2047.83,Debit,Oklahoma City,Online,Engineer,Low,Low,0
415.88,70.0,170.0,1.0,10008.33,Debit,San Diego,Branch,Doctor,Medium,Medium,1
100.66,50.0,144.0,1.0,14473.33,Debit,Dallas,Branch,Doctor,Low,High,2
485.54,19.0,148.0,1.0,1533.3199999999997,Debit,Louisville,Online,Student,Medium,Low,0
321.15,46.0,179.0,1.0,7005.05,Debit,Los Angeles,Branch,Doctor,Medium,Medium,0
711.3,21.0,51.0,1.0,955.3999999999996,Debit,San Jose,Branch,Student,High,Low,1
12.230000000000018,42.0,139.0,1.0,7844.88,Debit,Houston,ATM,Engineer,Low,Medium,0
350.94,20.0,64.0,1.0,221.5600000000004,Debit,Colorado Springs,ATM,Student,Medium,Low,2
301.85,54.0,25.0,1.0,6586.19,Debit,Columbus,Online,Engineer,Medium,Medium,2
29.339999999999975,65.0,30.0,1.0,3944.82,Debit,Louisville,Online,Retired,Low,Low,0
231.71,27.0,148.0,1.0,1127.9799999999996,Debit,Raleigh,Branch,Student,Low,Low,1
179.43,58.0,244.0,1.0,2626.63,Debit,Oklahoma City,ATM,Retired,Low,Low,0
36.70999999999998,48.0,55.0,1.0,6459.38,Debit,Jacksonville,Branch,Doctor,Low,Medium,0
138.12,53.0,281.0,1.0,1649.69,Credit,Los Angeles,Branch,Doctor,Low,Low,0
233.24,33.0,72.0,1.0,6939.23,Debit,Louisville,ATM,Engineer,Low,Medium,0
609.14,39.0,177.0,1.0,9033.87,Debit,Tucson,ATM,Engineer,High,Medium,1
436.64,31.0,111.0,1.0,14365.18,Debit,Los Angeles,Branch,Doctor,Medium,High,0
870.43,29.0,55.0,1.0,10115.18,Debit,Los Angeles,Branch,Doctor,High,High,0
354.4,74.0,128.0,1.0,7358.65,Debit,Chicago,ATM,Retired,Medium,Medium,2
22.629999999999995,53.0,112.0,1.0,4438.03,Debit,Kansas City,Online,Engineer,Low,Low,0
182.19,26.0,53.0,1.0,1176.0999999999995,Debit,Mesa,Branch,Student,Low,Low,0
126.81,26.0,290.0,1.0,5427.98,Debit,Philadelphia,Branch,Engineer,Low,Medium,1
288.17,37.0,50.0,1.0,3653.11,Debit,Virginia Beach,Online,Engineer,Low,Low,1
118.76999999999998,55.0,123.0,1.0,2104.82,Debit,Atlanta,Branch,Engineer,Low,Low,2
651.82,21.0,166.0,1.0,1802.77,Debit,Indianapolis,ATM,Student,High,Low,0
66.65,37.0,33.0,1.0,3559.96,Debit,Detroit,ATM,Engineer,Low,Low,2
98.53,69.0,166.0,1.0,3564.8,Debit,Denver,Branch,Retired,Low,Low,2
138.95000000000002,71.0,30.0,1.0,6752.92,Debit,Washington,Online,Retired,Low,Medium,1
33.889999999999986,26.0,177.0,1.0,1444.75,Debit,Nashville,Branch,Student,Low,Low,0
23.70999999999998,58.0,164.0,1.0,10788.89,Debit,Atlanta,Branch,Doctor,Low,High,2
26.060000000000002,65.0,283.0,1.0,12893.63,Debit,San Diego,ATM,Doctor,Low,High,1
17.069999999999993,27.0,44.0,1.0,2798.15,Debit,Los Angeles,Branch,Engineer,Low,Low,0
703.89,46.0,62.0,1.0,3583.67,Debit,San Antonio,Online,Engineer,High,Low,1
26.55000000000001,77.0,228.0,1.0,3085.38,Debit,Houston,ATM,Retired,Low,Low,0
147.4,42.0,259.0,1.0,6797.71,Debit,San Jose,Branch,Engineer,Low,Medium,1
202.11,27.0,18.0,1.0,746.4700000000003,Debit,Memphis,ATM,Student,Low,Low,0
308.42,75.0,39.0,1.0,5427.81,Debit,Nashville,Branch,Retired,Medium,Medium,0
11.180000000000007,53.0,144.0,1.0,7467.3,Debit,Miami,ATM,Engineer,Low,Medium,0
294.15,38.0,136.0,1.0,6362.16,Debit,Fresno,Online,Engineer,Low,Medium,2
139.45,27.0,31.0,1.0,1305.7600000000002,Debit,Boston,Online,Student,Low,Low,2
432.63,29.0,137.0,1.0,13648.36,Debit,Colorado Springs,ATM,Doctor,Medium,High,2
131.43000000000004,43.0,65.0,1.0,1337.5,Debit,Charlotte,Online,Doctor,Low,Low,2
516.72,42.0,128.0,1.0,2015.69,Debit,Mesa,ATM,Engineer,Medium,Low,0
374.5,26.0,178.0,1.0,1671.5100000000002,Credit,San Francisco,Branch,Student,Medium,Low,1
166.13,68.0,227.0,1.0,11822.53,Debit,Omaha,ATM,Doctor,Low,High,0
626.9,23.0,146.0,1.0,587.1099999999997,Debit,Chicago,ATM,Student,High,Low,2
466.85,56.0,165.0,1.0,5422.53,Debit,Austin,Branch,Retired,Medium,Medium,2
788.84,58.0,231.0,1.0,1913.73,Debit,Phoenix,Online,Retired,High,Low,1
525.28,69.0,134.0,1.0,4693.6,Debit,Colorado Springs,ATM,Retired,Medium,Low,2
110.17000000000002,30.0,137.0,1.0,464.1999999999998,,Raleigh,ATM,Engineer,Low,Low,1
632.69,80.0,76.0,1.0,4363.74,Debit,Denver,ATM,Retired,High,Low,2
124.35,72.0,90.0,1.0,3319.76,Debit,Oklahoma City,ATM,Retired,Low,Low,0
43.849999999999994,62.0,122.0,1.0,4356.98,Debit,Fresno,ATM,Retired,Low,Low,2
283.81,28.0,29.000000000000014,1.0,1519.35,Debit,San Diego,Branch,Student,Low,Low,1
168.53,71.0,112.0,1.0,5962.58,Debit,San Francisco,ATM,Retired,Low,Medium,1
218.59,40.0,123.0,1.0,6699.23,Credit,Denver,Branch,Engineer,Low,Medium,2
132.84,21.0,143.0,1.0,822.7299999999996,Debit,Oklahoma City,ATM,Student,Low,Low,0
157.37,42.0,289.0,1.0,13964.31,Credit,Dallas,Branch,Doctor,Low,High,2
144.77000000000004,20.0,159.0,1.0,867.3199999999997,Debit,Albuquerque,Online,Student,Low,Low,2
643.22,64.0,93.0,1.0,1035.8600000000001,Debit,Atlanta,ATM,Doctor,High,Low,2
208.07,32.0,36.0,1.0,8478.9,Debit,Oklahoma City,Online,Doctor,Low,Medium,0
295.5,59.0,36.0,1.0,6280.66,Debit,Mesa,ATM,Retired,Low,Medium,0
30.230000000000018,44.0,99.0,1.0,481.1300000000001,Debit,Austin,ATM,Doctor,Low,Low,2
112.05000000000001,26.0,159.0,1.0,1122.8799999999997,Credit,Phoenix,ATM,Student,Low,Low,1
180.24,58.0,144.0,1.0,8431.23,Debit,Phoenix,Branch,Engineer,Low,Medium,1
13.70999999999998,38.0,148.0,1.0,8342.79,Credit,Denver,Online,Engineer,Low,Medium,2
96.54000000000002,58.0,95.0,1.0,7182.22,Debit,New York,Branch,Retired,Low,Medium,0
79.35,67.0,70.0,1.0,1692.15,Debit,Los Angeles,Online,Retired,Low,Low,0
101.04000000000002,27.0,160.0,1.0,1695.5699999999997,Debit,San Antonio,ATM,Student,Low,Low,1
74.42000000000002,49.0,68.0,1.0,6264.21,Debit,El Paso,Online,Engineer,Low,Medium,2
39.65999999999997,52.0,169.0,1.0,8497.34,Debit,Virginia Beach,Branch,Engineer,Low,Medium,1
99.36000000000001,40.0,46.0,1.0,1272.12,Debit,Seattle,ATM,Doctor,Low,Low,1
123.85,56.0,244.0,1.0,3959.62,Debit,Las Vegas,Online,Engineer,Low,Low,0
426.93,19.0,248.0,1.0,476.1899999999996,Debit,Omaha,ATM,Student,Medium,Low,0
133.73,25.0,123.0,1.0,1872.2200000000003,Credit,San Jose,Online,Student,Low,Low,1
222.39,49.0,73.0,1.0,3117.39,Debit,Virginia Beach,Online,Engineer,Low,Low,1
215.94,22.0,140.0,1.0,1841.69,Credit,Virginia Beach,Online,Student,Low,Low,1
826.23,29.0,209.0,1.0,7580.59,Debit,Colorado Springs,ATM,Doctor,High,Medium,2
131.46,67.0,258.0,1.0,6642.33,Debit,Charlotte,Branch,Retired,Low,Medium,2
202.86,61.0,149.0,1.0,7642.25,Credit,Memphis,Branch,Doctor,Low,Medium,0
268.39,26.0,171.0,1.0,136.73999999999978,Debit,Miami,ATM,Student,Low,Low,0
137.35,40.0,220.0,1.0,12662.66,Credit,Sacramento,,Doctor,Low,High,1
712.75,44.0,25.0,1.0,8126.06,Debit,Philadelphia,Branch,Doctor,High,Medium,1
353.82,42.0,143.0,1.0,705.75,Debit,Milwaukee,ATM,Doctor,Medium,Low,0
212.74,27.0,128.0,1.0,7645.47,Debit,Seattle,Branch,Engineer,Low,Medium,1
364.42,51.0,146.0,1.0,8119.73,Debit,Colorado Springs,ATM,Engineer,Medium,Medium,2
195.12,46.0,144.0,1.0,6101.15,Debit,Louisville,ATM,Doctor,Low,Medium,0
230.61,80.0,204.0,1.0,2561.42,Debit,Raleigh,Branch,Retired,Low,Low,1
739.28,58.0,47.0,1.0,11905.64,Credit,Tucson,Branch,Doctor,High,High,1
390.35,64.0,61.00000000000001,1.0,7095.88,Credit,Omaha,ATM,Doctor,Medium,Medium,0
242.03,58.0,124.0,1.0,4382.73,Debit,Dallas,Online,Engineer,Low,Low,2
242.39,18.0,271.0,1.0,1328.73,Credit,San Antonio,ATM,Student,Low,Low,1
135.03,23.0,180.0,1.0,1278.0,Debit,San Francisco,ATM,Student,Low,Low,1
193.54,80.0,267.0,1.0,2929.51,Debit,Oklahoma City,Branch,Retired,Low,Low,0
617.3600000000001,29.0,61.00000000000001,1.0,8926.38,Debit,Kansas City,,Engineer,High,Medium,0
775.23,59.0,38.0,1.0,5977.59,Credit,Albuquerque,Online,Doctor,High,Medium,2
266.57,72.0,100.0,1.0,7676.92,Debit,El Paso,ATM,Retired,Low,Medium,2
153.4,45.0,144.0,1.0,4657.7,Debit,Mesa,ATM,Engineer,Low,Low,0
5.1200000000000045,34.0,90.0,1.0,3293.01,Debit,New York,Branch,Engineer,Low,Low,0
119.11000000000001,57.0,131.0,1.0,7998.25,Debit,Detroit,ATM,Engineer,Low,Medium,2
119.72,30.0,123.0,1.0,3435.34,Debit,Tucson,Branch,Engineer,Low,Low,1
107.4,58.0,32.0,1.0,344.0699999999997,Debit,Virginia Beach,Online,Doctor,Low,Low,1
115.92000000000002,53.0,57.0,1.0,3897.17,Debit,Raleigh,ATM,Retired,Low,Low,1
438.04,67.0,247.0,1.0,5358.95,Debit,Philadelphia,ATM,Retired,Medium,Medium,1
677.29,27.0,287.0,1.0,627.79,Debit,Houston,Online,Engineer,High,Low,0
296.0,35.0,248.0,1.0,7418.82,Debit,Las Vegas,Branch,Doctor,Low,Medium,0
299.09,36.0,84.0,1.0,5615.26,Credit,Boston,Branch,Engineer,Low,Medium,2
461.52,24.0,44.0,1.0,1995.1800000000003,Credit,Denver,Branch,Student,Medium,Low,2
100.51999999999998,50.0,110.0,1.0,453.3900000000003,Debit,Las Vegas,ATM,Engineer,Low,Low,0
85.35,66.0,166.0,1.0,2173.76,Debit,Washington,ATM,Retired,Low,Low,1
79.75999999999999,39.0,170.0,1.0,6452.14,Debit,Raleigh,Branch,Engineer,Low,Medium,1
778.49,75.0,107.0,1.0,7713.67,Credit,Omaha,Online,Retired,High,Medium,0
386.38,42.0,135.0,1.0,5528.36,Debit,Phoenix,Online,Engineer,Medium,Medium,1
165.25,35.0,106.0,1.0,9939.94,Debit,Sacramento,Online,Doctor,Low,Medium,1
14.29000000000002,34.0,150.0,1.0,7016.99,Debit,Los Angeles,ATM,Engineer,Low,Medium,0
232.79,55.0,145.0,1.0,2661.3,Credit,Indianapolis,Branch,Retired,Low,Low,0
293.97,68.0,153.0,1.0,7371.85,Debit,Phoenix,Branch,Retired,Low,Medium,1
136.32,19.0,113.0,1.0,264.8299999999999,Debit,Miami,Online,Student,Low,Low,0
251.06,36.0,34.0,1.0,10001.66,Debit,Colorado Springs,Online,Doctor,Low,Medium,2
50.170000000000016,77.0,35.0,1.0,7752.14,Credit,Sacramento,ATM,Retired,Low,Medium,1
21.399999999999977,34.0,258.0,1.0,9594.11,Debit,Fresno,Branch,Engineer,Low,Medium,2
73.28,21.0,21.0,1.0,1329.4099999999999,Debit,Boston,Branch,Student,Low,Low,2
70.23000000000002,38.0,260.0,1.0,11624.93,Debit,Memphis,ATM,Doctor,Low,High,0
689.29,22.0,100.0,1.0,168.84000000000015,Debit,El Paso,ATM,Student,High,Low,2
745.03,28.0,231.0,1.0,160.5699999999997,Debit,Fort Worth,Online,Student,High,Low,2
54.610000000000014,58.0,160.0,1.0,7135.64,Debit,Milwaukee,ATM,Engineer,Low,Medium,0
54.05000000000001,27.0,146.0,1.0,469.1400000000003,Debit,Louisville,Branch,Student,Low,Low,0
107.47,67.0,144.0,1.0,7517.5,Debit,Austin,Online,Retired,Low,Medium,2
219.63,48.0,44.0,1.0,8013.63,Debit,Charlotte,ATM,Doctor,Low,Medium,2
93.51999999999998,51.0,97.0,1.0,2791.2,Debit,Philadelphia,Online,Engineer,Low,Low,1
275.92,62.0,107.0,1.0,1777.38,Credit,Nashville,Branch,Retired,Low,Low,0
376.79,68.0,265.0,1.0,7749.14,Debit,Milwaukee,Branch,Retired,Medium,Medium,0
8.980000000000018,66.0,56.0,1.0,4516.76,Debit,Detroit,Online,,Low,Low,2
697.32,68.0,91.0,1.0,2016.02,Debit,Atlanta,Online,Retired,High,Low,2
17.44999999999999,18.0,88.0,1.0,1959.52,,Omaha,ATM,Student,Low,Low,0
442.74,23.0,136.0,1.0,1790.27,Debit,San Diego,Branch,Student,Medium,Low,1
623.9,27.0,249.0,1.0,711.4700000000003,Debit,San Jose,ATM,Student,High,Low,1
63.40999999999997,26.0,36.0,1.0,1546.2200000000003,Debit,Fort Worth,ATM,Student,Low,Low,2
346.85,44.0,88.0,1.0,7208.15,Debit,Kansas City,ATM,Doctor,Medium,Medium,0
71.94999999999999,59.0,53.0,1.0,9267.32,Credit,,Online,Engineer,Low,Medium,1
7.5,63.0,36.0,1.0,6485.78,Debit,Dallas,Online,Retired,Low,Medium,2
206.46,65.0,279.0,1.0,3984.38,Debit,Virginia Beach,ATM,Retired,Low,Low,1
423.11,60.0,47.0,1.0,412.77999999999975,Debit,Columbus,ATM,Engineer,Medium,Low,2
35.84000000000003,54.0,172.0,1.0,4795.65,Credit,Colorado Springs,Online,Retired,Low,Low,2
88.6,28.0,105.0,1.0,246.5699999999997,Credit,Raleigh,Branch,Student,Low,Low,1
22.45999999999998,54.0,78.0,1.0,6631.5,Debit,New York,Online,Retired,Low,Medium,0
334.89,21.0,260.0,1.0,1661.6800000000003,Debit,Fort Worth,Online,Student,Medium,Low,2
319.27,54.0,59.0,1.0,5504.01,Credit,Omaha,Online,Retired,Medium,Medium,0
144.3,18.0,88.0,1.0,312.1899999999996,Debit,Oklahoma City,ATM,Student,Low,Low,0
348.7,69.0,149.0,1.0,2445.58,Credit,Fresno,Branch,Retired,Medium,Low,2
366.21,62.0,181.0,1.0,10862.99,Debit,Oklahoma City,ATM,Doctor,Medium,High,0
99.11000000000001,55.0,12.0,1.0,5414.87,Debit,Philadelphia,Online,Retired,Low,Medium,1
539.35,55.0,127.0,1.0,3919.44,Debit,Milwaukee,ATM,Retired,Medium,Low,0
188.99,58.0,92.0,1.0,7315.34,Debit,Oklahoma City,Branch,Engineer,Low,Medium,0
710.14,26.0,227.0,1.0,465.6300000000001,Debit,El Paso,ATM,Student,High,Low,2
308.68,53.0,170.0,1.0,9992.36,Debit,Milwaukee,Online,Doctor,Medium,Medium,0
166.68,57.0,139.0,1.0,5141.19,Debit,Mesa,ATM,Retired,Low,Medium,0
66.57999999999998,23.0,79.0,1.0,1636.3199999999997,Debit,Raleigh,Branch,Student,Low,Low,1
223.43,77.0,178.0,1.0,7932.41,Debit,Dallas,Branch,Retired,Low,Medium,2
659.95,60.0,114.0,1.0,3927.69,Debit,Detroit,Online,Engineer,High,Low,2
634.86,27.0,45.0,1.0,588.5,Debit,Chicago,ATM,Student,High,Low,2
286.5,30.0,60.0,1.0,8517.95,Credit,Boston,Branch,Engineer,Low,Medium,2
322.96,76.0,168.0,1.0,2401.59,Credit,Philadelphia,Branch,Retired,Medium,Low,1
654.48,19.0,114.0,1.0,6776.41,Debit,Columbus,Branch,Student,High,Medium,2
157.97,48.0,140.0,1.0,5529.92,Debit,Philadelphia,Branch,Doctor,Low,Medium,1
120.9,40.0,52.0,1.0,9009.42,,Tucson,Branch,Doctor,Low,Medium,1
254.77,57.0,57.0,1.0,5994.87,Debit,Denver,Branch,Engineer,Low,Medium,2
795.96,65.0,119.0,1.0,5468.58,Debit,Raleigh,Online,Retired,High,Medium,1
149.25,39.0,142.0,1.0,5677.52,Debit,Omaha,ATM,Engineer,Low,Medium,0
3.419999999999959,43.0,158.0,1.0,14180.21,Credit,San Antonio,,Doctor,Low,High,1
68.19,40.0,189.0,1.0,9895.1,Credit,Fresno,Online,Doctor,Low,Medium,2
493.42,39.0,111.0,1.0,2232.84,,Baltimore,Branch,Engineer,Medium,Low,2
37.56999999999999,57.0,42.0,1.0,7739.54,Debit,El Paso,ATM,Retired,Low,Medium,2
96.88999999999999,59.0,53.0,1.0,6044.93,Debit,,ATM,,Low,Medium,1
448.33,25.0,161.0,1.0,922.1900000000005,Debit,Atlanta,ATM,Student,Medium,Low,2
8.649999999999977,48.0,273.0,1.0,10778.35,Debit,Las Vegas,Online,Doctor,Low,High,0
539.81,46.0,177.0,1.0,2051.25,Debit,San Francisco,Online,Engineer,Medium,Low,1
363.53,63.0,142.0,1.0,1038.9099999999994,Debit,Kansas City,ATM,Retired,Medium,Low,0
64.9,51.0,72.0,1.0,6854.61,Credit,Detroit,Branch,Retired,Low,Medium,2
358.18,18.0,157.0,1.0,619.8599999999997,Debit,Boston,ATM,Student,Medium,Low,2
167.2,30.0,84.0,1.0,11320.83,Debit,San Antonio,Branch,Doctor,Low,High,1
121.91,60.0,133.0,1.0,14510.8,Debit,Chicago,Branch,Doctor,Low,High,2
137.57,54.0,70.0,1.0,5103.67,Debit,Louisville,Online,Engineer,Low,Medium,0
534.62,55.0,45.0,1.0,13793.53,Debit,Oklahoma City,Online,Doctor,Medium,High,0
463.92,50.0,199.0,1.0,2403.39,Debit,Mesa,Online,Engineer,Medium,Low,0
320.14,60.0,96.0,1.0,3075.97,Debit,Milwaukee,Online,Retired,Medium,Low,0
214.93,28.0,52.0,1.0,7835.4,Debit,Albuquerque,Online,Student,Low,Medium,2
660.02,20.0,84.0,1.0,414.4300000000003,Debit,Nashville,Branch,Student,High,Low,0
345.81,40.0,135.0,1.0,6116.8,Debit,Raleigh,Branch,Engineer,Medium,Medium,1
143.54,71.0,80.0,1.0,6067.62,Debit,Philadelphia,ATM,Retired,Low,Medium,1
42.55000000000004,53.0,29.000000000000014,1.0,7341.43,Debit,Seattle,Branch,Engineer,Low,Medium,1
541.79,22.0,125.0,1.0,1454.08,Debit,Mesa,ATM,Student,Medium,Low,0
40.56999999999999,26.0,63.0,1.0,1476.9099999999999,Debit,Columbus,Branch,Student,Low,Low,2
498.67,28.0,244.0,1.0,1719.9700000000003,Debit,Miami,Online,Student,Medium,Low,0
227.22,53.0,220.0,1.0,832.8199999999997,Debit,El Paso,ATM,Doctor,Low,Low,2
56.94,76.0,74.0,1.0,7004.63,Credit,Charlotte,Online,,Low,Medium,2
629.82,68.0,159.0,1.0,6385.69,Debit,Colorado Springs,,Retired,High,Medium,2
59.44,35.0,176.0,1.0,5472.03,Debit,Chicago,Online,Engineer,Low,Medium,2
186.69,30.0,54.0,1.0,8602.22,Debit,New York,Branch,Engineer,Low,Medium,0
230.46,19.0,179.0,1.0,162.52999999999975,Debit,Mesa,Online,Student,Low,Low,0
65.08999999999997,44.0,159.0,1.0,9370.9,Credit,Seattle,Online,Engineer,Low,Medium,1
457.09,55.0,63.0,1.0,8570.82,Credit,Nashville,Online,Engineer,Medium,Medium,0
552.02,44.0,100.0,1.0,522.0799999999999,Credit,Chicago,ATM,Engineer,Medium,Low,2
377.12,34.0,61.00000000000001,1.0,836.6700000000001,Debit,Houston,ATM,Engineer,Medium,Low,0
204.56,18.0,179.0,1.0,364.72000000000025,Credit,San Diego,Branch,Student,Low,Low,1
420.28,35.0,144.0,1.0,8557.32,Debit,Washington,Branch,Doctor,Medium,Medium,1
124.59,27.0,171.0,1.0,129.28999999999996,Debit,Charlotte,Branch,Student,Low,Low,2
73.87999999999997,39.0,34.0,1.0,6474.41,Debit,Charlotte,Online,Doctor,Low,Medium,2
245.93,54.0,172.0,1.0,7986.63,Debit,Fresno,Branch,Engineer,Low,Medium,2
622.41,64.0,125.0,1.0,7322.01,Debit,Indianapolis,ATM,Doctor,High,Medium,0
43.72999999999999,34.0,145.0,1.0,9929.43,Debit,Omaha,ATM,Doctor,Low,Medium,0
2.0299999999999727,33.0,27.999999999999986,1.0,3012.31,Credit,Detroit,ATM,Engineer,Low,Low,2
770.65,31.0,137.0,1.0,7198.8,Debit,Jacksonville,Online,Doctor,High,Medium,0
260.31,63.0,113.0,1.0,10980.38,Debit,Austin,Branch,Doctor,Low,High,2
356.1,26.0,187.0,1.0,868.3500000000004,Credit,Fort Worth,Branch,Student,Medium,Low,2
27.069999999999993,80.0,39.0,1.0,3773.29,Credit,Virginia Beach,Branch,Retired,Low,Low,1
119.88999999999999,67.0,60.0,1.0,6697.77,Debit,Tucson,ATM,Doctor,Low,Medium,1
106.38999999999999,37.0,281.0,1.0,9410.99,Debit,Virginia Beach,Online,Doctor,Low,Medium,1
12.04000000000002,37.0,58.0,1.0,6213.32,Debit,Fort Worth,Online,Engineer,Low,Medium,2
29.379999999999995,28.0,63.0,1.0,1663.31,Credit,Baltimore,Branch,Student,Low,Low,2
319.85,60.0,148.0,1.0,711.6599999999999,Debit,Denver,ATM,Doctor,Medium,Low,2
350.14,75.0,38.0,1.0,2403.25,Credit,Los Angeles,Online,Retired,Medium,Low,0
163.94,52.0,73.0,1.0,5957.37,Credit,Virginia Beach,Branch,Retired,Low,Medium,1
170.53,24.0,58.0,1.0,801.0100000000002,Debit,Oklahoma City,Branch,Student,Low,Low,0
262.22,40.0,136.0,1.0,5711.71,Credit,Baltimore,ATM,Engineer,Low,Medium,2
41.49000000000001,24.0,13.0,1.0,928.3299999999999,Debit,Albuquerque,Online,Student,Low,Low,2
121.43,52.0,243.0,1.0,7365.28,Credit,Sacramento,Branch,Engineer,Low,Medium,1
350.46,51.0,165.0,1.0,5839.38,Debit,Nashville,Branch,Retired,Medium,Medium,0
220.41,26.0,155.0,1.0,5116.98,Credit,El Paso,Online,Engineer,Low,Medium,2
33.45999999999998,72.0,111.0,1.0,3641.07,Debit,Seattle,ATM,Retired,Low,Low,1
104.79000000000002,70.0,223.0,1.0,1352.19,Debit,Denver,ATM,Doctor,Low,Low,2
246.27,29.0,141.0,1.0,7299.86,Debit,Fresno,Online,Doctor,Low,Medium,2
48.849999999999994,19.0,176.0,1.0,1503.56,Debit,Dallas,ATM,Student,Low,Low,2
332.0,69.0,17.0,1.0,5943.13,Debit,Charlotte,ATM,Retired,Medium,Medium,2
118.1,54.0,167.0,1.0,895.6599999999999,Debit,Memphis,Online,Engineer,Low,Low,0
84.59,67.0,10.0,1.0,5669.1,Credit,Las Vegas,Branch,Doctor,Low,Medium,0
295.64,21.0,82.0,1.0,1061.9600000000005,Debit,Jacksonville,Online,Student,Low,Low,0
514.33,25.0,160.0,1.0,1592.94,Debit,Philadelphia,Branch,Student,Medium,Low,1
94.59000000000003,39.0,34.0,1.0,6171.89,Debit,Washington,Online,Doctor,Low,Medium,1
80.43,59.0,157.0,1.0,5987.67,Debit,Columbus,Branch,Retired,Low,Medium,2
54.25,68.0,37.0,1.0,14783.33,Debit,Virginia Beach,Online,Doctor,Low,High,1
518.85,22.0,82.0,1.0,1806.0,Debit,Kansas City,Online,Student,Medium,Low,0
10.649999999999977,54.0,161.0,1.0,13240.72,Debit,Louisville,Online,Doctor,Low,High,0
198.62,27.0,84.0,1.0,1196.0699999999997,Credit,Tucson,Branch,Student,Low,Low,1
107.03,27.0,73.0,1.0,1408.0699999999997,Debit,Miami,Branch,Student,Low,Low,0
346.11,41.0,213.0,1.0,9551.64,Debit,Dallas,Branch,Engineer,Medium,Medium,2
138.06,44.0,159.0,1.0,1070.4700000000003,Debit,Charlotte,Branch,Engineer,Low,Low,2
158.02,49.0,120.0,1.0,9374.24,Debit,New York,ATM,Engineer,Low,Medium,0
830.01,66.0,96.0,1.0,4253.18,Credit,Chicago,Online,Retired,High,Low,2
435.5,55.0,112.0,1.0,6981.03,Debit,Oklahoma City,ATM,,Medium,Medium,0
110.49000000000004,57.0,48.0,1.0,10483.93,Debit,Raleigh,Online,Doctor,Low,High,1
329.4,34.0,68.0,1.0,9588.07,Debit,Denver,Online,Doctor,Medium,Medium,2
635.4000000000001,47.0,106.0,1.0,1238.1099999999997,Debit,Denver,ATM,Doctor,High,Low,2
769.97,22.0,23.0,1.0,1244.9300000000003,Debit,San Diego,Branch,Student,High,Low,1
175.07,26.0,169.0,1.0,1040.25,Debit,Colorado Springs,Branch,Student,Low,Low,2
7.310000000000002,78.0,282.0,1.0,5757.67,Debit,Las Vegas,Branch,Retired,Low,Medium,0
56.119999999999976,30.0,102.0,1.0,8839.67,Debit,El Paso,ATM,Doctor,Low,Medium,2
424.7,56.0,178.0,1.0,6239.89,Credit,Miami,Online,Retired,Medium,Medium,0
35.73000000000002,65.0,87.0,1.0,9073.17,Debit,Miami,Branch,Doctor,Low,Medium,0
3.4399999999999977,78.0,108.0,1.0,7561.33,Debit,Fort Worth,ATM,Retired,Low,Medium,2
139.03,50.0,81.0,1.0,2276.57,Credit,Los Angeles,Online,Engineer,Low,Low,0
254.92,28.0,169.0,1.0,2791.12,Credit,San Antonio,ATM,Engineer,Low,Low,1
115.11000000000001,28.0,139.0,1.0,9808.97,Debit,Albuquerque,Online,Engineer,Low,Medium,2
171.11,57.0,171.0,1.0,6324.09,Debit,San Francisco,ATM,Retired,Low,Medium,1
408.46,64.0,27.999999999999986,1.0,3140.79,Debit,Raleigh,Branch,Retired,Medium,Low,1
342.17,21.0,247.0,1.0,461.8299999999999,Credit,New York,Branch,Student,Medium,Low,0
580.71,53.0,95.0,1.0,5670.0,Debit,Philadelphia,ATM,Engineer,Medium,Medium,1
821.54,79.0,36.0,1.0,4040.32,Credit,Atlanta,Branch,Retired,High,Low,2
253.47,20.0,238.0,1.0,220.51000000000022,Debit,Atlanta,Branch,Student,Low,Low,2
22.810000000000002,62.0,75.0,1.0,3634.76,Debit,New York,Online,Retired,Low,Low,0
266.57,39.0,96.0,1.0,7180.48,Credit,Boston,Online,Engineer,Low,Medium,2
374.61,75.0,37.0,1.0,1389.71,Credit,Mesa,Online,Retired,Medium,Low,0
339.35,78.0,70.0,1.0,5002.7,Credit,Boston,ATM,Retired,Medium,Low,2
810.36,20.0,67.0,1.0,9239.12,Debit,Columbus,ATM,Student,High,Medium,2
9.829999999999984,24.0,86.0,1.0,666.4200000000001,Debit,Memphis,ATM,Student,Low,Low,0
135.57,51.0,116.0,1.0,11351.64,Credit,Boston,Branch,Doctor,Low,High,2
340.05,43.0,37.0,1.0,7234.15,Debit,Detroit,ATM,Engineer,Medium,Medium,2
283.45,27.0,127.0,1.0,2049.51,Debit,Colorado Springs,Branch,Engineer,Low,Low,2
100.99000000000001,68.0,114.0,1.0,8865.27,Debit,New York,ATM,Doctor,Low,Medium,0
90.88,18.0,176.0,1.0,3908.47,Debit,Albuquerque,Branch,Student,Low,Low,2
655.1499999999999,26.0,264.0,1.0,5587.44,Debit,Seattle,ATM,Engineer,High,Medium,1
320.55,50.0,118.0,1.0,438.75,Debit,Milwaukee,Online,Engineer,Medium,Low,0
41.50999999999999,28.0,48.0,1.0,609.6000000000004,Debit,Phoenix,Online,Student,Low,Low,1
71.53000000000003,68.0,39.0,1.0,2393.73,Credit,Jacksonville,Branch,Retired,Low,Low,0
467.13,54.0,45.0,1.0,3914.84,Credit,Kansas City,Branch,Retired,Medium,Low,0
235.4,28.0,70.0,1.0,818.3599999999997,Debit,Detroit,Branch,Student,Low,Low,2
159.32,18.0,100.0,1.0,304.4399999999996,Debit,Seattle,Branch,Student,Low,Low,1
50.829999999999984,30.0,48.0,1.0,9553.42,Credit,Philadelphia,Online,Doctor,Low,Medium,1
56.889999999999986,59.0,56.0,1.0,3034.67,Credit,Houston,Branch,Engineer,Low,Low,0
20.220000000000027,43.0,138.0,1.0,5515.32,Debit,Jacksonville,ATM,Engineer,Low,Medium,0
50.400000000000006,36.0,84.0,1.0,1677.0100000000002,Debit,San Antonio,Branch,Doctor,Low,Low,1
73.87999999999997,53.0,131.0,1.0,4055.55,Debit,Los Angeles,Branch,Retired,Low,Low,0
119.61000000000001,33.0,53.0,1.0,9899.94,Debit,San Diego,ATM,Doctor,Low,Medium,1
116.57999999999998,43.0,247.0,1.0,2620.74,Debit,Raleigh,Branch,Engineer,Low,Low,1
391.96,64.0,79.0,1.0,2174.16,Debit,,ATM,Retired,Medium,Low,1
156.26,46.0,160.0,1.0,7854.1,Credit,Virginia Beach,Branch,Engineer,Low,Medium,1
427.0,49.0,163.0,1.0,8253.65,Credit,Oklahoma City,Branch,Engineer,Medium,Medium,0
443.68,18.0,137.0,1.0,874.1499999999996,Debit,Tucson,,Student,Medium,Low,1
101.75999999999999,31.0,26.0,1.0,6043.25,,Philadelphia,,Doctor,Low,Medium,1
67.57,37.0,107.0,1.0,2766.12,Debit,Charlotte,Branch,Engineer,Low,Low,2
326.29,56.0,179.0,1.0,8171.26,Debit,Denver,Online,Engineer,Medium,Medium,2
158.56,33.0,100.0,1.0,5401.21,Debit,Sacramento,ATM,Doctor,Low,Medium,1
56.02000000000001,27.0,142.0,1.0,3548.02,Debit,Memphis,Online,Student,Low,Low,0
288.28,27.0,36.0,1.0,160.82999999999993,,Portland,Online,Student,Low,Low,1
245.67,24.0,107.0,1.0,752.25,Credit,Portland,Branch,Student,Low,Low,1
114.35,41.0,21.0,1.0,469.1199999999999,Credit,El Paso,Branch,Engineer,Low,Low,2
373.27,61.0,79.0,1.0,8441.61,Credit,Miami,Online,Doctor,Medium,Medium,0
504.63,60.0,168.0,1.0,3806.16,Debit,Portland,Online,Engineer,Medium,Low,1
820.15,47.0,181.0,1.0,8802.97,Debit,Kansas City,Branch,Doctor,High,Medium,0
8.370000000000005,63.0,135.0,1.0,1106.3399999999997,Debit,Colorado Springs,ATM,Retired,Low,Low,2
197.49,53.0,30.0,1.0,5005.33,Credit,Fresno,Online,Retired,Low,Low,2
637.97,58.0,90.0,1.0,7949.03,Debit,New York,Branch,Retired,High,Medium,0
13.519999999999982,26.0,65.0,1.0,259.77000000000044,Debit,Seattle,ATM,Student,Low,Low,1
432.1,49.0,240.0,1.0,2114.3,Debit,San Francisco,ATM,Engineer,Medium,Low,1
642.68,50.0,94.0,1.0,8461.46,Debit,Fresno,Branch,Doctor,High,Medium,2
78.44,52.0,292.0,1.0,6870.84,Credit,San Jose,Online,Retired,Low,Medium,1
139.72,49.0,201.0,1.0,5058.83,Debit,Memphis,Branch,Engineer,Low,Low,0
499.99,31.0,296.0,1.0,8885.0,Debit,San Jose,Branch,Engineer,Medium,Medium,1
10.069999999999993,24.0,49.0,1.0,530.8099999999995,Debit,Albuquerque,Online,Student,Low,Low,2
120.62,23.0,85.0,1.0,9379.53,Debit,Raleigh,ATM,Student,Low,Medium,1
578.49,59.0,180.0,1.0,6475.13,Debit,Nashville,Branch,Retired,Medium,Medium,0
280.92,41.0,168.0,1.0,5298.85,Debit,Phoenix,Online,Doctor,Low,Medium,1
42.41999999999999,21.0,102.0,1.0,490.5699999999997,Debit,Sacramento,Online,Student,Low,Low,1
77.03,67.0,259.0,1.0,11310.27,Debit,Fresno,ATM,Doctor,Low,High,2
22.589999999999975,62.0,45.0,1.0,3988.75,Debit,Seattle,ATM,Retired,Low,Low,1
568.76,51.0,155.0,1.0,7484.32,Debit,Baltimore,ATM,Retired,Medium,Medium,2
105.94,51.0,207.0,1.0,5963.1,Debit,Oklahoma City,Branch,Engineer,Low,Medium,0
350.15,21.0,195.0,1.0,296.47000000000025,Credit,Fresno,ATM,Student,Medium,Low,2
183.67,19.0,238.0,1.0,910.2600000000002,Debit,San Diego,Online,Student,Low,Low,1
278.27,29.0,123.0,1.0,6684.34,Debit,Tucson,Branch,Doctor,Low,Medium,1
470.30000000000007,40.0,88.0,1.0,8524.09,Debit,Austin,ATM,Doctor,Medium,Medium,2
261.69,53.0,84.0,1.0,5126.65,Debit,Philadelphia,ATM,Retired,Low,Medium,1
365.04,22.0,94.0,1.0,873.8900000000003,Debit,Virginia Beach,Branch,Student,Medium,Low,1
211.1,57.0,136.0,1.0,7059.77,Debit,Miami,Branch,Retired,Low,Medium,0
21.49000000000001,58.0,240.0,1.0,11991.24,Debit,Denver,ATM,Doctor,Low,High,2
63.579999999999984,18.0,199.0,1.0,8086.04,Debit,Columbus,ATM,Student,Low,Medium,2
321.86,63.0,167.0,1.0,12626.49,Debit,San Antonio,ATM,Doctor,Medium,High,1
12.110000000000014,75.0,127.0,1.0,1730.2799999999997,Debit,Jacksonville,,Retired,Low,Low,0
642.54,44.0,27.999999999999986,1.0,3143.17,Debit,Milwaukee,Branch,Engineer,High,Low,0
210.45,27.0,146.0,1.0,1242.4899999999998,Debit,Las Vegas,ATM,Student,Low,Low,0
313.65,55.0,173.0,1.0,1886.3599999999997,Credit,Chicago,Branch,Retired,Medium,Low,2
99.75999999999999,26.0,131.0,1.0,416.8900000000003,Debit,Sacramento,Branch,Student,Low,Low,1
115.31999999999996,53.0,113.0,1.0,5929.08,Debit,Denver,Branch,Retired,Low,Medium,2
33.610000000000014,23.0,72.0,1.0,479.0799999999999,Debit,Milwaukee,Online,Student,Low,Low,0
498.59,33.0,32.0,1.0,5862.99,Credit,Oklahoma City,Online,Doctor,Medium,Medium,0
98.81,27.0,91.0,1.0,797.1000000000004,Debit,San Francisco,Branch,Student,Low,Low,1
1.8699999999999477,65.0,147.0,1.0,7287.94,Debit,Washington,ATM,Retired,Low,Medium,1
78.92000000000002,59.0,95.0,1.0,5624.86,Credit,Jacksonville,Online,Engineer,Low,Medium,0
194.29,39.0,10.0,1.0,2988.41,Credit,Seattle,Branch,Engineer,Low,Low,1
28.730000000000018,53.0,185.0,1.0,2712.96,Debit,Kansas City,ATM,Engineer,Low,Low,0
105.53,24.0,88.0,1.0,1433.6599999999999,Debit,Colorado Springs,Online,Student,Low,Low,2
737.34,30.0,34.0,1.0,7336.56,Debit,Miami,Online,Doctor,High,Medium,0
237.86,18.0,210.0,1.0,475.6300000000001,Debit,Philadelphia,ATM,Student,Low,Low,1
409.61,65.0,89.0,1.0,11698.15,Debit,Kansas City,Branch,Doctor,Medium,High,0
75.53,21.0,157.0,1.0,1034.3499999999995,Credit,Fresno,Online,Student,Low,Low,2
72.75,64.0,15.0,1.0,12042.79,Debit,Phoenix,ATM,Doctor,Low,High,1
39.110000000000014,26.0,143.0,1.0,518.54,Debit,Columbus,Online,Student,Low,Low,2
729.38,68.0,90.0,1.0,9127.65,Debit,Los Angeles,ATM,Doctor,High,Medium,0
137.49,34.0,50.0,1.0,4471.05,Debit,Fort Worth,ATM,Engineer,Low,Low,2
504.71,29.0,61.00000000000001,1.0,6214.54,Debit,Detroit,Online,Engineer,Medium,Medium,2
371.47,24.0,58.0,1.0,1187.0400000000004,Credit,Milwaukee,Branch,Student,Medium,Low,0
430.35,36.0,205.0,1.0,354.89999999999964,Debit,Charlotte,Online,Doctor,Medium,Low,2
230.32,35.0,56.0,1.0,791.46,Debit,Las Vegas,Branch,Engineer,Low,Low,0
121.70999999999998,52.0,140.0,1.0,5878.89,Debit,Chicago,ATM,Retired,Low,Medium,2
98.87,20.0,179.0,1.0,533.1999999999998,Debit,Detroit,Online,Student,Low,Low,2
117.55000000000001,24.0,35.0,1.0,897.9400000000005,Debit,Fresno,ATM,Student,Low,Low,2
244.64,30.0,103.0,1.0,9159.56,Debit,Tucson,Branch,Doctor,Low,Medium,1
321.93,45.0,12.0,1.0,4392.73,Debit,Nashville,ATM,Engineer,Medium,Low,0
283.23,40.0,98.0,1.0,2008.77,Debit,El Paso,Online,Engineer,Low,Low,2
346.65,30.0,60.0,1.0,6356.96,Debit,Washington,Online,Engineer,Medium,Medium,1
381.62,64.0,164.0,1.0,6009.12,Debit,Las Vegas,Online,Retired,Medium,Medium,0
388.65,76.0,43.000000000000014,1.0,7896.85,Debit,Oklahoma City,ATM,Retired,Medium,Medium,0
29.220000000000027,24.0,151.0,1.0,1649.4300000000003,Debit,San Antonio,ATM,Student,Low,Low,1
46.75,67.0,150.0,1.0,2840.43,Debit,Colorado Springs,Branch,Retired,Low,Low,2
348.64,57.0,128.0,1.0,3274.96,Debit,San Jose,Online,Retired,Medium,Low,1
319.17,73.0,81.0,1.0,6501.56,Debit,Tucson,Online,Retired,Medium,Medium,1
73.94999999999999,26.0,76.0,1.0,363.9200000000001,Debit,Kansas City,ATM,Student,Low,Low,0
389.63,27.0,99.0,1.0,9748.48,Debit,Mesa,Online,Engineer,Medium,Medium,0
217.61,19.0,45.0,1.0,1404.5299999999997,Debit,Chicago,ATM,Student,Low,Low,2
199.84000000000003,21.0,150.0,1.0,706.4400000000005,Debit,Dallas,ATM,Student,Low,Low,2
56.349999999999994,44.0,75.0,1.0,5095.73,Debit,Charlotte,ATM,Doctor,Low,Medium,2
248.95,65.0,29.000000000000014,1.0,3059.79,Credit,San Francisco,Branch,Retired,Low,Low,1
142.58,33.0,145.0,1.0,7844.23,Debit,San Antonio,ATM,Engineer,Low,Medium,1
333.78,60.0,98.0,1.0,6810.94,Debit,San Diego,ATM,Retired,Medium,Medium,1
332.59,55.0,143.0,1.0,1457.0699999999997,Debit,San Antonio,Online,Retired,Medium,Low,1
236.81,22.0,15.0,1.0,813.6800000000003,Debit,Oklahoma City,Branch,Student,Low,Low,0
417.8,27.0,130.0,1.0,1518.8199999999997,Credit,Philadelphia,Branch,Student,Medium,Low,1
319.27,50.0,150.0,1.0,10269.78,Debit,San Antonio,ATM,Doctor,Medium,High,1
384.1,42.0,172.0,1.0,672.79,Debit,Detroit,Branch,Engineer,Medium,Low,2
820.62,61.0,158.0,1.0,6024.8,Credit,Fresno,Branch,Doctor,High,Medium,2
474.77,56.0,50.0,1.0,2158.59,Credit,Indianapolis,Online,Engineer,Medium,Low,0
542.72,43.0,92.0,1.0,6011.8,Credit,Indianapolis,Branch,Doctor,Medium,Medium,0
79.80000000000001,73.0,76.0,1.0,6372.58,Debit,Fort Worth,ATM,Retired,Low,Medium,2
46.24000000000001,57.0,52.0,1.0,2569.56,Debit,San Diego,Branch,Engineer,Low,Low,1
327.8,61.0,54.0,1.0,10585.48,Debit,San Francisco,ATM,Doctor,Medium,High,1
445.79,52.0,161.0,1.0,717.9899999999998,Debit,Las Vegas,ATM,Doctor,Medium,Low,0
55.889999999999986,72.0,150.0,1.0,3689.65,Debit,Fresno,Online,Retired,Low,Low,2
158.41,28.0,16.0,1.0,1512.1599999999999,Debit,Sacramento,Branch,Student,Low,Low,1
101.19,64.0,75.0,1.0,14389.45,Credit,Denver,Online,Doctor,Low,High,2
61.97,74.0,95.0,1.0,7014.69,Debit,Phoenix,ATM,Retired,Low,Medium,1
27.20999999999998,79.0,102.0,1.0,3520.61,Debit,San Jose,ATM,Retired,Low,Low,1
173.74,80.0,64.0,1.0,4913.42,Debit,Houston,Online,Retired,Low,Low,0
176.11,38.0,105.0,1.0,9155.35,Debit,San Jose,Branch,Engineer,Low,Medium,1
88.4,46.0,174.0,1.0,2567.53,Debit,Fort Worth,Online,Engineer,Low,Low,2
567.92,53.0,13.999999999999986,1.0,3779.47,Debit,Columbus,Online,Retired,Medium,Low,2
138.11,68.0,104.0,1.0,4177.65,Credit,Phoenix,Online,Retired,Low,Low,1
456.93,28.0,193.0,1.0,7284.76,Credit,Virginia Beach,Branch,Engineer,Medium,Medium,1
101.42000000000002,66.0,146.0,1.0,6530.59,Debit,Atlanta,Online,Retired,Low,Medium,2
300.61,44.0,51.0,1.0,7895.54,Debit,El Paso,Online,Doctor,Low,Medium,2
265.94,54.0,132.0,1.0,6781.3,Debit,Boston,Online,Engineer,Low,Medium,2
345.54,29.0,50.0,1.0,2091.78,Debit,San Diego,Online,Engineer,Medium,Low,1
411.52,41.0,88.0,1.0,11108.39,Debit,Los Angeles,ATM,Doctor,Medium,High,0
111.21000000000001,35.0,111.0,1.0,9088.36,Debit,Portland,Branch,Doctor,Low,Medium,1
316.37,53.0,86.0,1.0,4671.69,Debit,Colorado Springs,ATM,Engineer,Medium,Low,2
260.63,37.0,142.0,1.0,7534.73,Debit,Fort Worth,Branch,Engineer,Low,Medium,2
92.36000000000001,29.0,144.0,1.0,6353.14,Debit,Dallas,ATM,Engineer,Low,Medium,2
262.06,63.0,118.0,1.0,13587.52,Debit,Oklahoma City,Branch,Doctor,Low,High,0
64.5,74.0,230.0,1.0,1351.2399999999998,Debit,Denver,ATM,Retired,Low,Low,2
175.94,57.0,89.0,1.0,3728.04,Debit,Indianapolis,ATM,Retired,Low,Low,0
199.47,57.0,142.0,1.0,6067.44,Debit,Detroit,Online,Doctor,Low,Medium,2
51.06999999999999,63.0,133.0,1.0,4292.16,Debit,Dallas,Branch,Retired,Low,Low,2
435.86,56.0,134.0,1.0,3801.82,Debit,Jacksonville,ATM,Retired,Medium,Low,0
74.73000000000002,64.0,162.0,1.0,6353.22,Credit,Jacksonville,Branch,Retired,Low,Medium,0
182.79,23.0,13.999999999999986,1.0,1251.85,Credit,Louisville,Online,Student,Low,Low,0
628.36,44.0,108.0,1.0,11869.71,Debit,Austin,Online,Doctor,High,High,2
268.39,29.0,177.0,1.0,9409.43,Debit,San Antonio,Online,Doctor,Low,Medium,1
362.27,80.0,47.0,1.0,6003.59,Debit,Jacksonville,ATM,Retired,Medium,Medium,0
560.15,50.0,92.0,1.0,817.8299999999999,Credit,Memphis,Online,Engineer,Medium,Low,0
132.36000000000004,28.0,160.0,1.0,319.64999999999964,Debit,Colorado Springs,Branch,Student,Low,Low,2
24.769999999999982,40.0,17.0,1.0,478.22999999999956,Credit,Nashville,Online,Engineer,Low,Low,0
80.23999999999998,53.0,58.0,1.0,8012.81,Credit,New York,Branch,Doctor,Low,Medium,0
8.649999999999977,68.0,198.0,1.0,4201.22,Debit,Mesa,ATM,Retired,Low,Low,0
178.91,18.0,19.0,1.0,8870.89,Debit,Omaha,ATM,Student,Low,Medium,0
115.22,27.0,108.0,1.0,906.1999999999998,Debit,San Francisco,Branch,Engineer,Low,Low,1
161.63,46.0,276.0,1.0,9286.37,Debit,San Jose,Online,Doctor,Low,Medium,1
542.75,70.0,63.0,1.0,2224.08,Credit,Nashville,Branch,Retired,Medium,Low,0
317.47,67.0,16.0,1.0,14639.28,Credit,Sacramento,Online,Doctor,Medium,High,1
280.99,45.0,29.000000000000014,1.0,9733.59,Debit,Houston,Branch,Engineer,Low,Medium,0
24.189999999999998,29.0,27.999999999999986,1.0,2756.2,Debit,San Diego,ATM,Engineer,Low,Low,1
586.85,36.0,86.0,1.0,6655.15,Debit,Mesa,ATM,Doctor,Medium,Medium,0
372.41,55.0,143.0,1.0,3233.87,Debit,San Diego,ATM,Retired,Medium,Low,1
383.69,54.0,285.0,1.0,8371.11,Debit,Colorado Springs,Online,Engineer,Medium,Medium,2
247.17,65.0,149.0,1.0,2611.64,Credit,Chicago,Branch,Retired,Low,Low,2
48.78000000000003,18.0,136.0,1.0,552.0599999999995,Credit,Kansas City,Branch,Student,Low,Low,0
4.149999999999977,60.0,119.0,1.0,6017.36,Credit,Omaha,Branch,Retired,Low,Medium,0
60.99000000000001,34.0,58.0,1.0,7281.46,Debit,Oklahoma City,Branch,Engineer,Low,Medium,0
408.19,26.0,241.0,1.0,6847.47,Debit,Mesa,Branch,Engineer,Medium,Medium,0
524.6,58.0,76.0,1.0,13017.7,Debit,El Paso,Branch,Doctor,Medium,High,2
108.96000000000001,26.0,247.0,1.0,7597.66,Debit,Milwaukee,ATM,Student,Low,Medium,0
70.03000000000003,63.0,49.0,1.0,7330.31,Debit,Nashville,Branch,Retired,Low,Medium,0
124.84,52.0,79.0,1.0,6711.78,Debit,Louisville,Online,Retired,Low,Medium,0
324.04,54.0,30.0,1.0,2248.06,Debit,Virginia Beach,ATM,Retired,Medium,Low,1
39.69,70.0,163.0,1.0,3524.68,Debit,Austin,Online,Retired,Low,Low,2
157.7,58.0,46.0,1.0,8332.58,Credit,Omaha,Branch,,Low,Medium,0
81.26999999999998,22.0,68.0,1.0,1814.48,Credit,Seattle,Online,Student,Low,Low,1
193.82,37.0,176.0,1.0,3886.77,Debit,Kansas City,Branch,Engineer,Low,Low,0
16.730000000000018,79.0,165.0,1.0,7591.13,Debit,,Online,Retired,Low,Medium,1
474.05,57.0,214.0,1.0,1484.31,Debit,San Jose,ATM,Retired,Medium,Low,1
637.75,79.0,152.0,1.0,4202.92,Debit,Dallas,Branch,Retired,High,Low,2
153.59,66.0,174.0,1.0,4813.12,Credit,Portland,Branch,Retired,Low,Low,1
186.6,18.0,139.0,1.0,9716.68,Debit,Tucson,Branch,Student,Low,Medium,1
644.08,24.0,55.0,1.0,1980.62,Debit,Atlanta,Online,Student,High,Low,2
226.66,41.0,168.0,1.0,10216.25,Debit,,Branch,Doctor,Low,High,1
305.0,22.0,222.0,1.0,944.8299999999999,Debit,Phoenix,ATM,Student,Medium,Low,1
233.1,42.0,37.0,1.0,7469.2,Credit,Nashville,Branch,Doctor,Low,Medium,0
793.13,68.0,76.0,1.0,13389.16,Debit,Memphis,Online,Doctor,High,High,0
224.19,52.0,93.0,1.0,8475.47,Debit,Houston,ATM,Doctor,Low,Medium,0
214.83,23.0,63.0,1.0,991.6900000000005,Credit,Tucson,ATM,Student,Low,Low,1
163.46,63.0,111.0,1.0,6953.8,Credit,Baltimore,Branch,Retired,Low,Medium,2
194.99,34.0,91.0,1.0,1370.0299999999997,Debit,Jacksonville,Branch,Engineer,Low,Low,0
227.5,34.0,277.0,1.0,11505.35,Debit,Sacramento,Online,Doctor,Low,High,1
259.9,26.0,100.0,1.0,914.2799999999997,Debit,Oklahoma City,Online,Student,Low,Low,0
59.50999999999999,36.0,55.0,1.0,9955.88,Credit,Dallas,Online,Doctor,Low,Medium,2
112.94,73.0,31.0,1.0,3807.84,Credit,San Antonio,Online,Retired,Low,Low,1
11.810000000000002,21.0,131.0,1.0,320.25,Debit,Phoenix,ATM,Student,Low,Low,1
329.14,55.0,13.999999999999986,1.0,12033.92,Debit,Sacramento,Branch,Doctor,Medium,High,1
154.24,61.0,82.0,1.0,6109.55,Debit,Mesa,ATM,Retired,Low,Medium,0
233.44,20.0,297.0,1.0,1691.88,Debit,Chicago,Online,Student,Low,Low,2
141.8,18.0,116.0,1.0,1697.67,,Chicago,ATM,Student,Low,Low,2
209.03000000000003,55.0,126.0,1.0,8359.5,Debit,Detroit,Branch,Engineer,Low,Medium,2
261.14,42.0,162.0,1.0,6100.08,Debit,San Antonio,,Engineer,Low,Medium,1
98.70999999999998,32.0,117.0,1.0,10095.23,Debit,Fort Worth,ATM,Doctor,Low,High,2
87.38,21.0,252.0,1.0,1504.9899999999998,Debit,Atlanta,Branch,Student,Low,Low,2
83.38999999999999,32.0,158.0,1.0,13182.11,Debit,Omaha,Branch,Doctor,Low,High,0
267.55,46.0,40.0,1.0,4330.04,Debit,Charlotte,Online,Engineer,Low,Low,2
870.05,29.0,39.0,1.0,905.25,Debit,El Paso,ATM,Doctor,High,Low,2
164.51,78.0,110.0,1.0,3553.69,Debit,Louisville,Branch,Retired,Low,Low,0
758.12,69.0,90.0,1.0,6164.65,Debit,San Francisco,ATM,Retired,High,Medium,1
103.75999999999999,28.0,188.0,1.0,9626.14,Debit,Kansas City,Online,Engineer,Low,Medium,0
583.92,55.0,139.0,1.0,6364.14,Debit,Kansas City,Online,Engineer,Medium,Medium,0
204.06,77.0,159.0,1.0,4351.83,Debit,Washington,Online,Retired,Low,Low,1
53.51000000000002,56.0,165.0,1.0,5773.5,Debit,New York,Online,Retired,Low,Medium,0
52.94999999999999,68.0,13.999999999999986,1.0,6335.58,Credit,Charlotte,Online,,Low,Medium,2
120.17000000000002,49.0,105.0,1.0,5403.79,Debit,Portland,ATM,Doctor,Low,Medium,1
220.8,31.0,27.999999999999986,1.0,8135.31,Debit,Indianapolis,Online,Engineer,Low,Medium,0
119.00999999999999,45.0,87.0,1.0,9798.26,Debit,Philadelphia,ATM,Doctor,Low,Medium,1
183.32,21.0,74.0,1.0,137.42000000000007,Debit,Raleigh,ATM,Student,Low,Low,1
858.88,60.0,227.0,1.0,7015.46,Debit,Jacksonville,Online,Engineer,High,Medium,0
11.45999999999998,41.0,128.0,1.0,2356.71,Credit,San Francisco,Online,Engineer,Low,Low,1
61.37000000000003,75.0,164.0,1.0,4294.44,Debit,Columbus,Branch,Retired,Low,Low,2
103.07999999999998,49.0,150.0,1.0,9251.38,Credit,Milwaukee,Branch,Engineer,Low,Medium,0
1.2099999999999795,55.0,196.0,1.0,7542.74,Debit,Atlanta,Branch,Retired,Low,Medium,2
425.18,26.0,172.0,1.0,9880.71,Credit,Colorado Springs,Online,Engineer,Medium,Medium,2
60.96000000000001,52.0,238.0,1.0,6189.24,Debit,Colorado Springs,ATM,Retired,Low,Medium,2
64.21000000000001,51.0,37.0,1.0,12540.18,Debit,Omaha,ATM,Doctor,Low,High,0
523.02,53.0,83.0,1.0,4586.11,Debit,Jacksonville,Online,Retired,Medium,Low,0
50.25999999999999,65.0,164.0,1.0,1519.38,Debit,Las Vegas,Branch,Retired,Low,Low,0
110.07999999999998,19.0,95.0,1.0,1447.2600000000002,Debit,Detroit,Branch,Student,Low,Low,2
54.47,23.0,34.0,1.0,1131.4200000000005,Credit,Philadelphia,Branch,Student,Low,Low,1
79.75999999999999,68.0,115.0,1.0,10278.75,Debit,Kansas City,Online,Doctor,Low,High,0
16.79000000000002,30.0,146.0,1.0,535.1499999999996,Credit,Detroit,Online,Doctor,Low,Low,2
68.62,29.0,157.0,1.0,13891.47,Debit,Omaha,Branch,Doctor,Low,High,0
643.38,18.0,105.0,1.0,1046.7399999999998,Credit,Detroit,Online,Student,High,Low,2
328.34,42.0,31.0,1.0,2840.45,Credit,San Diego,Online,Engineer,Medium,Low,1
72.68,69.0,44.0,1.0,6216.77,Debit,Seattle,Online,Retired,Low,Medium,1
354.76,51.0,279.0,1.0,10141.92,Debit,Detroit,Branch,Doctor,Medium,High,2
793.88,22.0,252.0,1.0,1404.06,Credit,Los Angeles,ATM,Student,High,Low,0
29.220000000000027,27.0,69.0,1.0,7795.79,Debit,Detroit,ATM,Engineer,Low,Medium,2
653.97,37.0,100.0,1.0,3886.65,Debit,Miami,,Engineer,High,Low,0
366.43,21.0,92.0,1.0,1560.4499999999998,Credit,Portland,Online,Student,Medium,Low,1
233.74,72.0,142.0,1.0,4749.54,Debit,Boston,Online,Retired,Low,Low,2
471.84,18.0,138.0,1.0,1044.33,Debit,Raleigh,ATM,Student,Medium,Low,1
213.4,73.0,100.0,1.0,2012.2399999999998,Credit,Fort Worth,Branch,Retired,Low,Low,2
254.21,48.0,46.0,1.0,2487.2,Debit,Phoenix,ATM,Engineer,Low,Low,1
577.73,37.0,63.0,1.0,14977.99,Debit,San Jose,ATM,Doctor,Medium,High,1
170.26,27.0,265.0,1.0,1969.48,Debit,Chicago,ATM,Student,Low,Low,2
330.61,64.0,113.0,1.0,2525.25,Credit,Nashville,Branch,Retired,Medium,Low,0
132.33,35.0,47.0,1.0,7457.94,Credit,Phoenix,ATM,Engineer,Low,Medium,1
74.04000000000002,18.0,66.0,1.0,1690.23,Debit,Memphis,Online,Student,Low,Low,0
197.18,28.0,135.0,1.0,3114.92,Debit,Tucson,Online,Engineer,Low,Low,1
21.149999999999977,70.0,180.0,1.0,3466.74,Debit,Columbus,Branch,Retired,Low,Low,2
697.82,44.0,153.0,1.0,6824.0,Debit,New York,Online,Engineer,High,Medium,0
148.00000000000003,20.0,35.0,1.0,1488.65,Debit,Tucson,Branch,Student,Low,Low,1
22.25999999999999,19.0,56.0,1.0,5583.88,Debit,San Antonio,Branch,Student,Low,Medium,1
0.8600000000000136,25.0,139.0,1.0,1357.2200000000003,Debit,Colorado Springs,ATM,Student,Low,Low,2
757.1,65.0,203.0,1.0,10553.23,Debit,Atlanta,Branch,Doctor,High,High,2
38.81,25.0,145.0,1.0,1619.6,Credit,Virginia Beach,Online,Student,Low,Low,1
32.45999999999998,31.0,10.0,1.0,8656.18,Debit,Charlotte,Online,Doctor,Low,Medium,2
20.639999999999986,22.0,59.0,1.0,949.3800000000001,Debit,Charlotte,Branch,Student,Low,Low,2
662.11,23.0,219.0,1.0,1996.38,Debit,Atlanta,Branch,Student,High,Low,2
288.77,55.0,110.0,1.0,8836.51,Debit,Los Angeles,,Engineer,Low,Medium,0
35.05000000000001,30.0,105.0,1.0,14330.47,Debit,Boston,Branch,Doctor,Low,High,2
214.73,46.0,26.0,1.0,5368.42,Credit,Los Angeles,ATM,Doctor,Low,Medium,0
25.379999999999995,57.0,66.0,1.0,8616.05,Debit,Louisville,Branch,Engineer,Low,Medium,0
617.66,41.0,40.0,1.0,5906.58,Debit,Memphis,ATM,Engineer,High,Medium,0
446.39,63.0,77.0,1.0,7863.6,Debit,Houston,ATM,Retired,Medium,Medium,0
377.92,33.0,204.0,1.0,2254.71,Debit,Raleigh,Branch,Engineer,Medium,Low,1
11.04000000000002,30.0,43.000000000000014,1.0,6983.04,Debit,Phoenix,Online,Engineer,Low,Medium,1
275.46,36.0,67.0,1.0,9697.75,Debit,Fort Worth,ATM,Doctor,Low,Medium,2
179.76,78.0,81.0,1.0,5909.52,Debit,Philadelphia,Online,Retired,Low,Medium,1
32.34000000000003,44.0,45.0,1.0,7847.62,Debit,Kansas City,Branch,Doctor,Low,Medium,0
273.92,79.0,109.0,1.0,4543.56,Debit,Portland,Branch,Retired,Low,Low,1
375.45,19.0,32.0,1.0,1307.23,Debit,Fort Worth,Branch,Student,Medium,Low,2
388.98,23.0,155.0,1.0,1819.9099999999999,Debit,Fresno,ATM,Student,Medium,Low,2
492.84,25.0,38.0,1.0,577.6700000000001,Debit,Indianapolis,ATM,Student,Medium,Low,0
148.84999999999997,57.0,25.0,1.0,7802.36,Debit,Mesa,ATM,Doctor,Low,Medium,0
391.66,50.0,103.0,1.0,2406.31,Debit,,Branch,Engineer,Medium,Low,1
185.99,41.0,53.0,1.0,402.4499999999998,Credit,Fresno,Branch,Engineer,Low,Low,2
322.48,27.0,57.0,1.0,1238.4300000000003,Debit,Jacksonville,ATM,Student,Medium,Low,0
20.269999999999982,18.0,22.0,1.0,796.3500000000004,Debit,Miami,Branch,Student,Low,Low,0
199.02,61.0,269.0,1.0,4658.89,Debit,Houston,ATM,Retired,Low,Low,0
104.23000000000002,63.0,108.0,1.0,5009.29,Credit,Louisville,Online,Retired,Low,Low,0
55.860000000000014,39.0,68.0,1.0,5346.46,Debit,Seattle,Online,Engineer,Low,Medium,1
10.769999999999982,31.0,178.0,1.0,10704.95,,Indianapolis,ATM,Doctor,Low,High,0
95.55000000000001,33.0,51.0,1.0,2434.74,Debit,Louisville,Branch,Engineer,Low,Low,0
477.07000000000005,27.0,278.0,1.0,6568.07,Debit,Columbus,Online,Engineer,Medium,Medium,2
9.100000000000023,52.0,63.0,1.0,2791.45,Credit,,Online,Retired,Low,Low,1
21.410000000000025,57.0,99.0,1.0,658.9099999999999,Debit,Louisville,Online,Doctor,Low,Low,0
278.28,28.0,26.0,1.0,1346.88,Debit,Jacksonville,Branch,Student,Low,Low,0
388.1,73.0,40.0,1.0,3022.12,Credit,Los Angeles,Online,Retired,Medium,Low,0
215.39,27.0,216.0,1.0,1582.5500000000002,Debit,Detroit,ATM,Student,Low,Low,2
194.37,66.0,161.0,1.0,14395.88,Debit,Milwaukee,ATM,Doctor,Low,High,0
37.69999999999999,20.0,109.0,1.0,1741.1,Debit,Miami,ATM,Student,Low,Low,0
19.589999999999975,64.0,122.0,1.0,1061.69,Debit,Charlotte,Branch,Retired,Low,Low,2
81.34999999999997,41.0,103.0,1.0,7192.45,Debit,Houston,Online,Engineer,Low,Medium,0
314.54,58.0,228.0,1.0,9923.45,Credit,Virginia Beach,Branch,Engineer,Medium,Medium,1
466.64,58.0,11.0,1.0,10915.11,Debit,Las Vegas,ATM,Doctor,Medium,High,0
397.01,22.0,100.0,1.0,719.5200000000004,Debit,Los Angeles,ATM,Student,Medium,Low,0
472.48,55.0,87.0,1.0,7128.82,Debit,New York,Branch,Engineer,Medium,Medium,0
67.15,59.0,13.999999999999986,1.0,9028.49,Debit,Indianapolis,Online,Doctor,Low,Medium,0
102.67000000000002,79.0,119.0,1.0,4656.94,Debit,Albuquerque,Branch,Retired,Low,Low,2
453.49,66.0,147.0,1.0,6366.43,Debit,Seattle,Branch,Doctor,Medium,Medium,1
267.17,26.0,170.0,1.0,1382.62,Debit,Seattle,ATM,Student,Low,Low,1
111.25999999999999,66.0,43.000000000000014,1.0,14350.11,Debit,Boston,ATM,Doctor,Low,High,2
121.17000000000002,68.0,158.0,1.0,12990.77,Debit,Phoenix,ATM,Doctor,Low,High,1
213.28,51.0,94.0,1.0,4835.91,Debit,Mesa,Branch,Retired,Low,Low,0
187.88,60.0,180.0,1.0,2154.58,Debit,Nashville,ATM,Engineer,Low,Low,0
471.88,34.0,141.0,1.0,14833.34,Credit,San Jose,Online,Doctor,Medium,High,1
83.79000000000002,57.0,47.0,1.0,5061.3,Debit,Nashville,ATM,Engineer,Low,Medium,0
212.14,72.0,105.0,1.0,7225.06,Debit,Austin,Branch,Retired,Low,Medium,2
99.16,79.0,202.0,1.0,2607.58,Debit,San Francisco,Online,Retired,Low,Low,1
839.33,60.0,86.0,1.0,11538.97,Credit,Louisville,Branch,Doctor,High,High,0
4.240000000000009,38.0,38.0,1.0,7822.73,Debit,San Diego,Online,Engineer,Low,Medium,1
50.28999999999999,58.0,64.0,1.0,7604.9,Credit,Raleigh,Online,Doctor,Low,Medium,1
135.85,57.0,269.0,1.0,1480.3900000000003,Debit,Fresno,Online,Retired,Low,Low,2
368.53,68.0,34.0,1.0,13696.31,Debit,Raleigh,Branch,Doctor,Medium,High,1
17.94999999999999,64.0,135.0,1.0,12344.9,Credit,Sacramento,Branch,Doctor,Low,High,1
127.80000000000001,31.0,47.0,1.0,8630.99,Credit,Virginia Beach,Branch,Engineer,Low,Medium,1
16.730000000000018,45.0,48.0,1.0,2202.62,Debit,Houston,Online,Engineer,Low,Low,0
317.12,44.0,80.0,1.0,14409.74,Debit,Fort Worth,Branch,Doctor,Medium,High,2
476.63,79.0,115.0,1.0,4894.25,Debit,Charlotte,ATM,Retired,Medium,Low,2
156.58,24.0,160.0,1.0,8981.61,Debit,Portland,Branch,Student,Low,Medium,1
55.120000000000005,34.0,261.0,1.0,3791.99,Credit,Houston,Online,Engineer,Low,Low,0
15.740000000000009,27.0,38.0,1.0,690.1599999999999,Debit,Denver,Branch,Student,Low,Low,2
353.68,70.0,145.0,1.0,6777.12,Debit,Las Vegas,,Retired,Medium,Medium,0
297.15,76.0,178.0,1.0,5449.37,Debit,Phoenix,Online,Retired,Low,Medium,1
647.85,36.0,121.0,1.0,13779.97,Debit,Omaha,Branch,Doctor,High,High,0
75.04000000000002,49.0,178.0,1.0,9648.6,Debit,El Paso,ATM,Engineer,Low,Medium,2
273.92,28.0,35.0,1.0,1029.1500000000005,Debit,Virginia Beach,Online,Student,Low,Low,1
215.8,51.0,66.0,1.0,3656.62,Credit,Jacksonville,Branch,Retired,Low,Low,0
420.6,26.0,55.0,1.0,1778.75,Debit,Louisville,Branch,Student,Medium,Low,0
688.36,23.0,22.0,1.0,5191.13,Credit,Memphis,Branch,Student,High,Medium,0
285.18,55.0,150.0,1.0,14847.97,Credit,Sacramento,Branch,Doctor,Low,High,1
213.55,63.0,15.0,1.0,5238.37,Debit,Boston,ATM,Doctor,Low,Medium,2
463.11,51.0,159.0,1.0,10238.82,Credit,Las Vegas,Branch,Doctor,Medium,High,0
150.03,73.0,176.0,1.0,7491.42,Debit,Columbus,ATM,,Low,Medium,2
309.56,58.0,147.0,1.0,972.04,Debit,Charlotte,Online,Doctor,Medium,Low,2
377.08,26.0,71.0,1.0,6430.86,Credit,Mesa,Branch,Student,Medium,Medium,0
77.25,68.0,157.0,1.0,14077.97,Debit,Virginia Beach,Branch,Doctor,Low,High,1
146.92,64.0,272.0,1.0,3990.6,Debit,Portland,ATM,Retired,Low,Low,1
126.6,22.0,146.0,1.0,961.6499999999996,Debit,San Antonio,Branch,Student,Low,Low,1
101.34,24.0,46.0,1.0,703.2600000000002,Debit,Boston,ATM,Student,Low,Low,2
184.97,58.0,268.0,1.0,1156.67,Debit,Denver,Branch,Doctor,Low,Low,2
451.15,46.0,175.0,1.0,1356.4700000000003,Debit,Colorado Springs,ATM,Engineer,Medium,Low,2
516.47,25.0,94.0,1.0,1305.06,Credit,Charlotte,ATM,Student,Medium,Low,2
880.04,25.0,29.000000000000014,1.0,261.97000000000025,Debit,Sacramento,ATM,Student,High,Low,1
66.69,25.0,140.0,1.0,1210.3300000000004,Credit,San Antonio,Branch,Student,Low,Low,1
95.75,31.0,169.0,1.0,337.6199999999999,Debit,Los Angeles,Branch,Engineer,Low,Low,0
98.03,54.0,165.0,1.0,6323.45,Debit,El Paso,Branch,Engineer,Low,Medium,2
617.66,42.0,128.0,1.0,7155.95,Debit,Boston,ATM,Engineer,High,Medium,2
888.57,62.0,102.0,1.0,7896.14,Debit,San Antonio,Online,Retired,High,Medium,1
107.48000000000002,22.0,129.0,1.0,591.2299999999996,Debit,Omaha,Branch,Student,Low,Low,0
36.56999999999999,62.0,69.0,1.0,2583.07,Debit,Omaha,ATM,Retired,Low,Low,0
575.62,43.0,129.0,1.0,234.40999999999985,Debit,Oklahoma City,Online,Doctor,Medium,Low,0
84.88999999999999,37.0,70.0,1.0,4735.61,Debit,San Jose,ATM,Engineer,Low,Low,1
7.759999999999991,52.0,84.0,1.0,7393.11,Credit,Las Vegas,Online,Retired,Low,Medium,0
109.30000000000004,56.0,27.0,1.0,13510.11,Debit,Fort Worth,Branch,Doctor,Low,High,2
230.08,79.0,124.0,1.0,4466.1,Debit,Austin,Online,Retired,Low,Low,2
361.92,54.0,111.0,1.0,7474.31,Debit,Detroit,ATM,Retired,Medium,Medium,2
122.44999999999999,46.0,98.0,1.0,7255.49,Debit,New York,Branch,Doctor,Low,Medium,0
642.53,65.0,128.0,1.0,11417.91,Debit,Mesa,ATM,Doctor,High,High,0
62.860000000000014,25.0,31.0,1.0,1040.4300000000007,Debit,Houston,Branch,Student,Low,Low,0
175.21,69.0,69.0,1.0,6039.04,Credit,Mesa,ATM,Doctor,Low,Medium,0
168.0,32.0,11.0,1.0,3498.58,Credit,Tucson,Branch,Engineer,Low,Low,1
11.45999999999998,67.0,73.0,1.0,6628.75,Debit,Chicago,Online,Retired,Low,Medium,2
382.07,62.0,147.0,1.0,10156.09,Credit,Omaha,Branch,Doctor,Medium,High,0
65.32,28.0,54.0,1.0,9165.02,Debit,Mesa,ATM,Student,Low,Medium,0
730.1,77.0,93.0,1.0,6384.05,Credit,Chicago,Branch,Retired,High,Medium,2
85.31,62.0,27.0,1.0,6095.65,Debit,Kansas City,ATM,Retired,Low,Medium,0
726.6100000000001,18.0,277.0,1.0,1008.7600000000002,Debit,Phoenix,ATM,Student,High,Low,1
130.4,45.0,63.0,1.0,4381.24,Debit,Raleigh,Branch,Engineer,Low,Low,1
68.1,20.0,47.0,1.0,1382.8000000000002,Debit,Milwaukee,ATM,Student,Low,Low,0
65.25999999999999,26.0,72.0,1.0,7380.63,Debit,Sacramento,Branch,Student,Low,Medium,1
191.62,63.0,51.0,1.0,1981.67,Debit,Jacksonville,Branch,Doctor,Low,Low,0
212.88,39.0,122.0,1.0,7036.72,Debit,Fresno,Online,Doctor,Low,Medium,2
88.38,30.0,138.0,1.0,3707.82,Debit,Virginia Beach,ATM,Engineer,Low,Low,1
48.77000000000001,42.0,51.0,1.0,2040.1599999999999,,Austin,Online,Engineer,Low,Low,2
390.09,26.0,49.0,1.0,2617.23,Debit,El Paso,Online,Engineer,Medium,Low,2
48.28999999999999,37.0,242.0,1.0,8883.4,Debit,San Diego,Online,Engineer,Low,Medium,1
333.83,63.0,135.0,1.0,1660.6599999999999,Debit,Fresno,ATM,Retired,Medium,Low,2
100.26999999999998,79.0,51.0,1.0,4309.9,Debit,Miami,Online,Retired,Low,Low,0
44.53999999999999,31.0,164.0,1.0,362.39999999999964,Debit,San Antonio,ATM,Engineer,Low,Low,1
82.17000000000002,28.0,21.0,1.0,1913.06,Debit,Fort Worth,Branch,Student,Low,Low,2
447.4200000000001,32.0,65.0,1.0,6133.22,Debit,Charlotte,Online,Engineer,Medium,Medium,2
590.26,25.0,48.0,1.0,1068.2799999999997,Credit,Austin,Branch,Student,Medium,Low,2
192.73,71.0,157.0,1.0,2037.75,Debit,Milwaukee,Branch,Retired,Low,Low,0
146.01,26.0,269.0,1.0,221.78999999999996,Debit,San Francisco,Online,Student,Low,Low,1
11.569999999999993,56.0,64.0,1.0,2061.61,Credit,New York,Branch,Retired,Low,Low,0
7.819999999999993,36.0,273.0,1.0,2240.49,Debit,Boston,ATM,Engineer,Low,Low,2
79.43,74.0,72.0,1.0,6579.37,Debit,Dallas,ATM,Retired,Low,Medium,2
386.97,58.0,137.0,1.0,1876.35,Debit,Raleigh,Branch,Retired,Medium,Low,1
51.22,23.0,82.0,1.0,1664.5900000000001,Debit,Fresno,Branch,Student,Low,Low,2
256.05,54.0,35.0,1.0,6910.18,Debit,Nashville,ATM,Retired,Low,Medium,0
7.7900000000000205,34.0,298.0,1.0,1319.85,Debit,Los Angeles,Branch,Doctor,Low,Low,0
233.71,63.0,11.0,1.0,6095.5,Debit,Louisville,Branch,Doctor,Low,Medium,0
176.37,55.0,126.0,1.0,2420.86,Debit,Boston,Branch,Retired,Low,Low,2
122.63,21.0,153.0,1.0,359.0600000000004,Debit,Milwaukee,Branch,Student,Low,Low,0
86.41,75.0,125.0,1.0,3128.71,Debit,Fresno,ATM,Retired,Low,Low,2
21.569999999999993,54.0,71.0,1.0,7587.48,Debit,San Francisco,ATM,Retired,Low,Medium,1
82.67000000000002,26.0,46.0,1.0,290.59000000000015,Debit,Milwaukee,Branch,Student,Low,Low,0
299.42,63.0,53.0,1.0,4735.41,Credit,San Jose,Branch,Retired,Low,Low,1
543.47,18.0,122.0,1.0,6165.03,Debit,Los Angeles,ATM,Student,Medium,Medium,0
346.76,21.0,116.0,1.0,1637.75,Credit,San Jose,Branch,Student,Medium,Low,1
47.47999999999999,24.0,66.0,1.0,585.5200000000004,Debit,El Paso,Branch,Student,Low,Low,2
64.92000000000002,58.0,236.0,1.0,5481.76,Debit,Atlanta,Branch,Engineer,Low,Medium,2
350.72,28.0,48.0,1.0,1982.9,Credit,Fresno,ATM,Student,Medium,Low,2
3.8000000000000114,65.0,174.0,1.0,5766.96,Debit,Charlotte,Online,Doctor,Low,Medium,2
22.54000000000002,26.0,42.0,1.0,7139.11,Debit,El Paso,Online,Engineer,Low,Medium,2
767.1399999999999,62.0,38.0,1.0,4732.57,Credit,Mesa,Branch,Retired,High,Low,0
167.47,35.0,103.0,1.0,2293.13,Debit,Sacramento,ATM,Engineer,Low,Low,1
43.650000000000006,30.0,212.0,1.0,2870.67,Credit,Charlotte,Branch,Engineer,Low,Low,2
391.08,56.0,105.0,1.0,6885.16,Debit,Fresno,Online,,Medium,Medium,2
390.77,44.0,34.0,1.0,5500.56,Debit,Portland,Online,Doctor,Medium,Medium,1
508.16,39.0,131.0,1.0,5609.44,Debit,Mesa,ATM,Engineer,Medium,Medium,0
36.75999999999999,65.0,108.0,1.0,1228.9300000000003,,Philadelphia,Online,Retired,Low,Low,1
332.33,27.0,101.0,1.0,192.6300000000001,Debit,Kansas City,ATM,Student,Medium,Low,0
362.09,32.0,31.0,1.0,6590.28,Debit,New York,Branch,Engineer,Medium,Medium,0
42.579999999999984,30.0,80.0,1.0,13485.0,Debit,San Jose,Online,Doctor,Low,High,1
122.35,53.0,188.0,1.0,6472.5,,Atlanta,Branch,Retired,Low,Medium,2
248.66,28.0,113.0,1.0,2571.39,Debit,Chicago,Online,Engineer,Low,Low,2
461.25,54.0,171.0,1.0,676.1000000000004,Credit,Sacramento,Online,Doctor,Medium,Low,1
61.77000000000001,56.0,49.0,1.0,12352.2,Debit,Charlotte,Branch,Doctor,Low,High,2
268.92,29.0,148.0,1.0,8765.38,Debit,Chicago,Branch,Engineer,Low,Medium,2
219.02,54.0,68.0,1.0,7375.73,Credit,San Diego,Online,Engineer,Low,Medium,1
125.13999999999999,20.0,31.0,1.0,1845.1800000000003,Debit,Baltimore,Branch,Student,Low,Low,2
47.599999999999994,53.0,115.0,1.0,1382.5100000000002,Debit,Austin,Online,Engineer,Low,Low,2
592.82,74.0,248.0,1.0,7508.98,Debit,Memphis,Online,Retired,Medium,Medium,0
372.5,22.0,211.0,1.0,3901.82,Debit,Nashville,ATM,Student,Medium,Low,0
4.720000000000027,32.0,20.0,1.0,4792.01,Debit,Fort Worth,Branch,Engineer,Low,Low,2
144.93,42.0,74.0,1.0,6887.52,Debit,Fresno,Branch,Engineer,Low,Medium,2
316.56,28.0,261.0,1.0,8643.51,Debit,Denver,Online,Engineer,Medium,Medium,2
9.180000000000007,22.0,140.0,1.0,887.3199999999997,Debit,San Francisco,Online,,Low,Low,1
421.25,25.0,66.0,1.0,7174.69,Debit,Fort Worth,Online,Student,Medium,Medium,2
185.71,48.0,194.0,1.0,2679.91,Debit,Virginia Beach,Branch,Engineer,Low,Low,1
26.269999999999982,45.0,177.0,1.0,8853.93,Credit,Portland,Online,Engineer,Low,Medium,1
297.03,61.0,151.0,1.0,1088.6199999999994,Debit,Austin,Online,Retired,Low,Low,2
99.51999999999998,52.0,127.0,1.0,3798.09,Debit,San Diego,ATM,Engineer,Low,Low,1
881.1,28.0,16.0,1.0,9951.68,Debit,Phoenix,Branch,,High,Medium,1
139.69,52.0,180.0,1.0,9567.94,Debit,Indianapolis,Online,Engineer,Low,Medium,0
112.72,31.0,17.0,1.0,9630.0,Debit,Washington,Branch,Doctor,Low,Medium,1
568.88,19.0,105.0,1.0,1307.8599999999997,Debit,Nashville,Branch,Student,Medium,Low,0
189.03,28.0,50.0,1.0,1916.46,Debit,Oklahoma City,ATM,Student,Low,Low,0
189.08,68.0,238.0,1.0,10790.8,Debit,Miami,Branch,Doctor,Low,High,0
409.59,35.0,50.0,1.0,14563.02,,Albuquerque,Online,Doctor,Medium,High,2
283.15,24.0,180.0,1.0,603.79,Debit,Baltimore,Online,Student,Low,Low,2
151.82,51.0,105.0,1.0,2197.12,Debit,Chicago,ATM,Retired,Low,Low,2
438.59,37.0,103.0,1.0,8994.39,Debit,San Jose,Online,Engineer,Medium,Medium,1
590.57,79.0,93.0,1.0,3224.6,Debit,Milwaukee,ATM,,Medium,Low,0
63.74000000000001,63.0,31.0,1.0,4336.4,Debit,Chicago,Online,Retired,Low,Low,2
77.01999999999998,59.0,132.0,1.0,800.8299999999999,Credit,Miami,Online,,Low,Low,0
501.15,47.0,208.0,1.0,8821.84,Debit,Phoenix,Branch,Engineer,Medium,Medium,1
8.949999999999989,76.0,102.0,1.0,3299.84,Debit,Oklahoma City,Online,Retired,Low,Low,0
173.6,21.0,160.0,1.0,421.4399999999996,Debit,Austin,Online,Student,Low,Low,2
149.4,53.0,123.0,1.0,1035.2199999999998,Debit,Chicago,ATM,Retired,Low,Low,2
388.21,53.0,237.0,1.0,9724.49,Credit,Columbus,Branch,Doctor,Medium,Medium,2
126.04000000000002,65.0,167.0,1.0,6041.69,Credit,Charlotte,Branch,Retired,Low,Medium,2
52.03999999999999,50.0,31.0,1.0,8436.12,Credit,Colorado Springs,Branch,Doctor,Low,Medium,2
389.7,62.0,216.0,1.0,7125.15,Credit,Austin,Branch,Doctor,Medium,Medium,2
309.77,67.0,137.0,1.0,4378.14,Credit,San Antonio,Online,Retired,Medium,Low,1
724.18,41.0,134.0,1.0,10922.78,Debit,Fort Worth,Branch,Doctor,High,High,2
124.98000000000002,24.0,78.0,1.0,642.0,Debit,Washington,ATM,Student,Low,Low,1
487.32,52.0,164.0,1.0,7707.96,Debit,Kansas City,Branch,Doctor,Medium,Medium,0
635.91,46.0,78.0,1.0,13267.09,Credit,Jacksonville,Branch,Doctor,High,High,0
205.65,62.0,144.0,1.0,3582.16,Debit,Houston,Branch,Retired,Low,Low,0
39.40999999999997,25.0,132.0,1.0,921.9099999999999,Debit,Louisville,Branch,Student,Low,Low,0
254.0,35.0,63.0,1.0,5788.53,Debit,Nashville,Branch,Doctor,Low,Medium,0
436.8,36.0,213.0,1.0,4515.43,Debit,Houston,Branch,Engineer,Medium,Low,0
224.73,76.0,63.0,1.0,7551.89,Debit,Miami,Branch,Retired,Low,Medium,0
752.69,65.0,115.0,1.0,14489.69,Credit,Dallas,ATM,Doctor,High,High,2
78.5,31.0,41.0,1.0,13991.5,Credit,San Jose,Branch,Doctor,Low,High,1
50.0,53.0,87.0,1.0,185.8699999999999,Credit,Jacksonville,ATM,Doctor,Low,Low,0
132.42,18.0,164.0,1.0,726.3900000000003,Debit,Denver,ATM,Student,Low,Low,2
83.15999999999997,61.0,177.0,1.0,3065.87,Debit,Los Angeles,ATM,Retired,Low,Low,0
149.02,46.0,176.0,1.0,9379.72,Credit,Fort Worth,Branch,Engineer,Low,Medium,2
74.26999999999998,59.0,148.0,1.0,13696.61,Credit,Memphis,Online,Doctor,Low,High,0
876.57,62.0,118.0,1.0,3743.63,Credit,Portland,ATM,Retired,High,Low,1
615.58,42.0,133.0,1.0,14343.0,Debit,Jacksonville,ATM,Doctor,High,High,0
643.03,36.0,52.0,1.0,2882.16,Credit,Jacksonville,Online,Engineer,High,Low,0
7.949999999999989,79.0,65.0,1.0,5631.2,Debit,Phoenix,ATM,Retired,Low,Medium,1
270.92,77.0,143.0,1.0,4574.43,Credit,Louisville,Branch,Retired,Low,Low,0
499.48,24.0,133.0,1.0,1242.62,Debit,Charlotte,ATM,Student,Medium,Low,2
841.5,25.0,287.0,1.0,352.3100000000004,Credit,Atlanta,Branch,Student,High,Low,2
138.81999999999996,77.0,53.0,1.0,3100.2200000000003,Debit,Fort Worth,Online,Retired,Low,Low,2
231.46,60.0,83.0,1.0,4707.24,Credit,Miami,Branch,Engineer,Low,Low,0
292.08,72.0,32.0,1.0,7950.48,Debit,Columbus,ATM,Retired,Low,Medium,2
63.98000000000002,54.0,258.0,1.0,7954.12,Debit,Baltimore,Online,Doctor,Low,Medium,2
235.21,67.0,74.0,1.0,5946.61,Debit,Boston,Branch,Doctor,Low,Medium,2
201.73,57.0,78.0,1.0,6650.71,Debit,Baltimore,Online,Engineer,Low,Medium,2
161.31,28.0,13.0,1.0,1268.67,Debit,Nashville,ATM,Student,Low,Low,0
18.410000000000025,53.0,168.0,1.0,8287.54,Debit,Atlanta,Branch,Doctor,Low,Medium,2
471.75,34.0,41.0,1.0,12948.5,Credit,San Jose,Branch,Doctor,Medium,High,1
290.02,55.0,246.0,1.0,4746.71,Debit,Milwaukee,Branch,Engineer,Low,Low,0
48.05000000000001,27.0,38.0,1.0,5334.97,Debit,New York,Branch,Engineer,Low,Medium,0
359.42,55.0,30.0,1.0,1765.4499999999998,Debit,Baltimore,Branch,Doctor,Medium,Low,2
32.90999999999997,19.0,255.0,1.0,427.3000000000002,Debit,Fort Worth,Online,Student,Low,Low,2
3.8000000000000114,67.0,140.0,1.0,6285.39,,Denver,Branch,Retired,Low,Medium,2
31.810000000000002,51.0,149.0,1.0,1406.6,Debit,Fort Worth,Online,Retired,Low,Low,2
220.2,28.0,102.0,1.0,1075.15,Debit,Boston,Online,Student,Low,Low,2
476.03,77.0,99.0,1.0,5958.34,Credit,Houston,Branch,Retired,Medium,Medium,0
141.91,23.0,49.0,1.0,791.9700000000003,Debit,Miami,Branch,Student,Low,Low,0
95.82999999999998,27.0,91.0,1.0,1726.4,Debit,Washington,Online,Student,Low,Low,1
51.150000000000006,46.0,199.0,1.0,8992.25,Credit,Los Angeles,Branch,Engineer,Low,Medium,0
50.75,62.0,185.0,1.0,8271.47,Debit,Boston,ATM,Doctor,Low,Medium,2
185.07,22.0,159.0,1.0,636.4200000000001,Debit,Colorado Springs,Branch,Student,Low,Low,2
293.54,40.0,45.0,1.0,2290.1,Debit,Sacramento,Online,Engineer,Low,Low,1
285.26,28.0,93.0,1.0,167.72000000000025,Debit,Atlanta,ATM,Student,Low,Low,2
129.48,31.0,179.0,1.0,7581.7,Debit,Seattle,ATM,Engineer,Low,Medium,1
743.03,50.0,174.0,1.0,4111.38,Debit,New York,ATM,Engineer,High,Low,0
297.86,28.0,96.0,1.0,1680.1400000000003,Credit,Milwaukee,ATM,Student,Low,Low,0
231.92,66.0,12.0,1.0,5715.08,Debit,Indianapolis,ATM,Doctor,Low,Medium,0
295.82,47.0,46.0,1.0,5897.73,Credit,Chicago,Branch,Engineer,Low,Medium,2
302.86,55.0,275.0,1.0,5239.24,,Los Angeles,Online,Doctor,Medium,Medium,0
81.07999999999998,58.0,56.0,1.0,7788.91,Debit,Omaha,ATM,Engineer,Low,Medium,0
775.6,79.0,158.0,1.0,3898.64,Credit,Mesa,Branch,Retired,High,Low,0
211.91,20.0,181.0,1.0,927.4700000000003,Debit,Indianapolis,Online,Student,Low,Low,0
17.20999999999998,23.0,219.0,1.0,914.1599999999999,Debit,Omaha,Online,Student,Low,Low,0
124.22,23.0,172.0,1.0,9695.04,Debit,Charlotte,ATM,Student,Low,Medium,2
38.370000000000005,63.0,135.0,1.0,8647.04,Debit,San Antonio,ATM,Doctor,Low,Medium,1
269.79,52.0,17.0,1.0,1292.1,Debit,San Jose,ATM,Engineer,Low,Low,1
605.42,21.0,33.0,1.0,392.34000000000015,Debit,Mesa,ATM,Student,High,Low,0
29.189999999999998,58.0,41.0,1.0,12059.85,Credit,Nashville,Branch,Doctor,Low,High,0
701.7,61.0,64.0,1.0,6643.24,Credit,Seattle,Online,Retired,High,Medium,1
862.34,57.0,72.0,1.0,9903.48,Debit,Kansas City,Branch,Doctor,High,Medium,0
410.97,22.0,45.0,1.0,151.42000000000007,Debit,Los Angeles,,Student,Medium,Low,0
36.97000000000003,41.0,79.0,1.0,2850.92,Debit,Virginia Beach,Branch,Engineer,Low,Low,1
137.59,30.0,95.0,1.0,10679.67,Debit,Nashville,ATM,Doctor,Low,High,0
168.11,51.0,12.0,1.0,10652.13,Credit,New York,Online,Doctor,Low,High,0
430.98,24.0,93.0,1.0,569.25,Debit,Baltimore,Branch,Student,Medium,Low,2
13.870000000000005,24.0,20.0,1.0,954.8299999999999,Debit,Phoenix,Branch,Student,Low,Low,1
302.82,36.0,175.0,1.0,9384.54,Debit,Jacksonville,ATM,Engineer,Medium,Medium,0
406.81,66.0,84.0,1.0,1968.3599999999997,Debit,New York,Online,Retired,Medium,Low,0
256.3,53.0,172.0,1.0,4203.05,Debit,New York,Online,Retired,Low,Low,0
80.95999999999998,19.0,97.0,1.0,959.9400000000005,Credit,Jacksonville,Online,Student,Low,Low,0
95.78,22.0,27.0,1.0,271.6400000000003,Debit,Atlanta,Online,Student,Low,Low,2
379.54,41.0,118.0,1.0,12571.76,Credit,Indianapolis,Branch,Doctor,Medium,High,0
903.19,22.0,65.0,1.0,8627.08,Debit,El Paso,Online,Student,High,Medium,2
847.45,28.0,175.0,1.0,422.3199999999997,Debit,Jacksonville,Branch,Student,High,Low,0
295.18,66.0,31.0,1.0,12961.53,Credit,Dallas,Branch,Doctor,Low,High,2
18.45999999999998,68.0,213.0,1.0,6381.6,Debit,Charlotte,Branch,Retired,Low,Medium,2
603.23,28.0,48.0,1.0,117.97999999999956,Debit,Detroit,Branch,Student,High,Low,2
54.5,57.0,147.0,1.0,1715.2200000000003,Credit,Philadelphia,Branch,Retired,Low,Low,1
414.77,29.0,274.0,1.0,5599.81,Debit,San Francisco,Online,Doctor,Medium,Medium,1
886.19,61.0,69.0,1.0,7904.24,Debit,Colorado Springs,Branch,Retired,High,Medium,2
440.03,49.0,88.0,1.0,1490.44,Debit,San Jose,Online,Engineer,Medium,Low,1
76.38999999999999,18.0,219.0,1.0,5976.0,Debit,Denver,Branch,Student,Low,Medium,2
595.91,19.0,162.0,1.0,1673.7600000000002,Credit,San Antonio,ATM,Student,Medium,Low,1
6.029999999999973,76.0,70.0,1.0,3290.72,Debit,Chicago,Branch,Retired,Low,Low,2
249.34,26.0,197.0,1.0,3030.97,Debit,Charlotte,ATM,Engineer,Low,Low,2
421.52,20.0,67.0,1.0,369.8599999999997,Debit,San Jose,Branch,Student,Medium,Low,1
189.76999999999998,58.0,24.0,1.0,6570.36,Debit,Raleigh,Branch,Engineer,Low,Medium,1
73.19,76.0,213.0,1.0,2264.98,Debit,Atlanta,Branch,Retired,Low,Low,2
188.13,75.0,198.0,1.0,5029.87,Credit,Jacksonville,Online,Retired,Low,Low,0
30.519999999999982,62.0,122.0,1.0,12327.74,Debit,Jacksonville,Branch,Doctor,Low,High,0
170.24,62.0,133.0,1.0,5172.99,Debit,San Francisco,Branch,Retired,Low,Medium,1
56.620000000000005,54.0,121.0,1.0,8981.1,Debit,Austin,Branch,Doctor,Low,Medium,2
53.139999999999986,34.0,70.0,1.0,7915.0,Debit,Las Vegas,ATM,Doctor,Low,Medium,0
587.23,27.0,144.0,1.0,500.84000000000015,Debit,Omaha,Online,Student,Medium,Low,0
21.269999999999982,62.0,114.0,1.0,7392.79,Credit,Indianapolis,Online,Retired,Low,Medium,0
76.01999999999998,34.0,189.0,1.0,14765.41,Credit,Albuquerque,Online,Doctor,Low,High,2
155.51,68.0,15.0,1.0,5360.19,Debit,Raleigh,ATM,Doctor,Low,Medium,1
135.14999999999998,72.0,50.0,1.0,5878.14,Debit,Colorado Springs,Online,Retired,Low,Medium,2
39.48000000000002,56.0,38.0,1.0,5889.51,Debit,Omaha,ATM,Retired,Low,Medium,0
451.68,33.0,15.0,1.0,4381.54,Debit,Houston,Online,Engineer,Medium,Low,0
355.0,26.0,33.0,1.0,185.47000000000025,Credit,Fort Worth,Online,Student,Medium,Low,2
427.69,43.0,236.0,1.0,2443.54,Debit,Raleigh,ATM,Engineer,Medium,Low,1
254.86,23.0,102.0,1.0,699.8999999999996,Debit,Boston,Branch,Student,Low,Low,2
19.480000000000018,27.0,114.0,1.0,4739.59,Debit,Dallas,ATM,Engineer,Low,Low,2
190.17,49.0,265.0,1.0,12893.85,Debit,Baltimore,ATM,Doctor,Low,High,2
206.63,59.0,128.0,1.0,7626.53,Credit,Oklahoma City,Online,Retired,Low,Medium,0
93.22,52.0,52.0,1.0,1014.6300000000001,Debit,Charlotte,Online,Retired,Low,Low,2
547.98,28.0,171.0,1.0,1358.54,Debit,Oklahoma City,ATM,Student,Medium,Low,0
641.06,23.0,25.0,1.0,1602.13,Debit,Colorado Springs,ATM,Student,High,Low,2
836.45,61.0,63.0,1.0,1731.8900000000003,Debit,Virginia Beach,Online,Retired,High,Low,1
189.45,53.0,62.0,1.0,12578.75,Credit,Boston,Branch,Doctor,Low,High,2
91.84,67.0,80.0,1.0,1712.4099999999999,Credit,Mesa,Branch,Retired,Low,Low,0
609.52,78.0,169.0,1.0,3485.03,Debit,Washington,ATM,Retired,High,Low,1
859.3,78.0,68.0,1.0,1146.7799999999997,Credit,Colorado Springs,Branch,Retired,High,Low,2
100.00999999999999,50.0,63.0,1.0,6393.12,Debit,Philadelphia,ATM,Doctor,Low,Medium,1
28.779999999999973,40.0,51.0,1.0,680.5500000000002,Credit,Tucson,Online,Doctor,Low,Low,1
111.07999999999996,70.0,83.0,1.0,7037.34,Debit,Chicago,Online,Doctor,Low,Medium,2
52.22999999999999,28.0,96.0,1.0,105.01000000000022,Credit,San Francisco,Branch,Student,Low,Low,1
78.62,32.0,52.0,1.0,1360.85,Debit,Oklahoma City,Branch,Doctor,Low,Low,0
47.78999999999999,25.0,37.0,1.0,1649.92,Debit,Denver,Branch,Student,Low,Low,2
333.97,52.0,45.0,1.0,5237.36,Debit,Fresno,Branch,Doctor,Medium,Medium,2
30.870000000000005,33.0,295.0,1.0,14348.65,Debit,Fresno,ATM,Doctor,Low,High,2
710.43,67.0,115.0,1.0,5625.55,Debit,San Diego,Online,Retired,High,Medium,1
220.23,41.0,48.0,1.0,3438.02,Debit,Milwaukee,ATM,Engineer,Low,Low,0
27.279999999999973,29.0,96.0,1.0,10668.24,Debit,Atlanta,ATM,Doctor,Low,High,2
101.51999999999998,49.0,98.0,1.0,2018.9,Debit,Tucson,ATM,Engineer,Low,Low,1
162.65,59.0,147.0,1.0,9500.95,Debit,New York,ATM,Engineer,Low,Medium,0
10.519999999999982,55.0,30.0,1.0,2472.99,Debit,Kansas City,ATM,Retired,Low,Low,0
270.72,38.0,37.0,1.0,6522.47,Debit,Los Angeles,Branch,Doctor,Low,Medium,0
247.58,39.0,152.0,1.0,778.7399999999998,Debit,San Antonio,ATM,Engineer,Low,Low,1
359.65,25.0,289.0,1.0,219.52999999999975,Credit,Jacksonville,Online,Student,Medium,Low,0
109.91,38.0,90.0,1.0,12896.06,Debit,Seattle,Branch,Doctor,Low,High,1
215.72,30.0,137.0,1.0,8697.11,Credit,Columbus,Branch,Engineer,Low,Medium,2
490.76,66.0,156.0,1.0,6414.11,Debit,Columbus,Online,Retired,Medium,Medium,2
224.28,64.0,68.0,1.0,5767.51,Debit,Chicago,Online,Retired,Low,Medium,2
608.79,55.0,157.0,1.0,2991.17,Debit,Fort Worth,Online,Engineer,High,Low,2
840.16,20.0,68.0,1.0,1236.7600000000002,Credit,Colorado Springs,Branch,Student,High,Low,2
203.34,60.0,66.0,1.0,13586.99,Debit,Phoenix,ATM,Doctor,Low,High,1
90.88,26.0,284.0,1.0,7117.35,Debit,Colorado Springs,ATM,Engineer,Low,Medium,2
60.110000000000014,61.0,122.0,1.0,7235.87,Credit,Albuquerque,Branch,Retired,Low,Medium,2
393.92,72.0,47.0,1.0,7318.64,Debit,Memphis,Branch,Retired,Medium,Medium,0
19.389999999999986,43.0,45.0,1.0,9847.6,Debit,Colorado Springs,ATM,Doctor,Low,Medium,2
557.41,80.0,49.0,1.0,2968.75,Credit,Washington,Online,Retired,Medium,Low,1
57.06999999999999,31.0,99.0,1.0,9323.71,Credit,Boston,Online,Doctor,Low,Medium,2
395.27,18.0,167.0,1.0,1764.08,Credit,Miami,Online,Student,Medium,Low,0
289.05,75.0,116.0,1.0,5683.49,Debit,New York,ATM,Retired,Low,Medium,0
46.110000000000014,33.0,233.0,1.0,5225.73,Debit,San Francisco,Online,Doctor,Low,Medium,1
335.5,63.0,47.0,1.0,6445.4,Debit,Sacramento,ATM,Retired,Medium,Medium,1
388.07,24.0,68.0,1.0,289.71000000000004,Debit,Seattle,Online,Student,Medium,Low,1
520.86,51.0,66.0,1.0,9200.74,Credit,Sacramento,Online,Engineer,Medium,Medium,1
787.4100000000001,25.0,39.0,1.0,300.8699999999999,Debit,Memphis,Online,Student,High,Low,0
31.69999999999999,48.0,121.0,1.0,743.8999999999996,Credit,Raleigh,ATM,Doctor,Low,Low,1
22.30000000000001,21.0,90.0,1.0,1200.3500000000004,Debit,Philadelphia,ATM,Student,Low,Low,1
203.12,56.0,181.0,1.0,1562.3900000000003,Debit,San Jose,ATM,Retired,Low,Low,1
315.94,49.0,172.0,1.0,7719.71,Credit,Raleigh,Branch,Doctor,Medium,Medium,1
0.2599999999999909,20.0,173.0,1.0,1833.67,Debit,Oklahoma City,Online,Student,Low,Low,0
210.77,71.0,161.0,1.0,5396.65,Debit,Mesa,ATM,Retired,Low,Medium,0
406.65,57.0,107.0,1.0,12995.7,Debit,Mesa,ATM,Doctor,Medium,High,0
422.9,40.0,111.0,1.0,7616.43,Debit,Tucson,ATM,Engineer,Medium,Medium,1
20.620000000000005,35.0,225.0,1.0,12500.8,Credit,Philadelphia,ATM,Doctor,Low,High,1
174.39,19.0,36.0,1.0,1127.08,Debit,San Francisco,ATM,Student,Low,Low,1
7.860000000000014,76.0,91.0,1.0,3621.98,Credit,Sacramento,Branch,Retired,Low,Low,1
54.849999999999994,58.0,40.0,1.0,2727.45,Credit,San Francisco,Branch,Retired,Low,Low,1
16.55000000000001,26.0,159.0,1.0,6089.79,Debit,Tucson,Branch,Engineer,Low,Medium,1
91.32,58.0,77.0,1.0,2618.1,Debit,Milwaukee,Branch,Engineer,Low,Low,0
49.620000000000005,55.0,111.0,1.0,3841.42,Debit,Portland,ATM,Engineer,Low,Low,1
487.16,28.0,84.0,1.0,321.21000000000004,Credit,Los Angeles,Branch,Student,Medium,Low,0
405.6,37.0,44.0,1.0,9754.73,Debit,Tucson,Online,Engineer,Medium,Medium,1
512.95,57.0,143.0,1.0,9584.52,Debit,Columbus,Branch,Engineer,Medium,Medium,2
345.94,31.0,163.0,1.0,7624.56,Debit,Portland,ATM,Doctor,Medium,Medium,1
356.56,47.0,52.0,1.0,2485.73,Debit,New York,Online,Engineer,Medium,Low,0
10.310000000000002,36.0,280.0,1.0,2137.9,Debit,Louisville,Online,Engineer,Low,Low,0
211.69,30.0,111.0,1.0,6412.85,Debit,Atlanta,Branch,Doctor,Low,Medium,2
221.49,23.0,196.0,1.0,707.25,Credit,Oklahoma City,Branch,Student,Low,Low,0
278.23,48.0,83.0,1.0,8300.54,Debit,Fresno,Online,Engineer,Low,Medium,2
116.88,45.0,263.0,1.0,7717.34,Debit,Memphis,ATM,Doctor,Low,Medium,0
328.77,39.0,247.0,1.0,6967.03,Credit,San Diego,Online,Doctor,Medium,Medium,1
77.53,54.0,55.0,1.0,5158.6,Debit,Louisville,Branch,Retired,Low,Medium,0
421.74,67.0,103.0,1.0,12031.14,Debit,San Jose,Online,Doctor,Medium,High,1
313.69,73.0,152.0,1.0,7093.68,Debit,Oklahoma City,Branch,Retired,Medium,Medium,0
411.72,29.0,153.0,1.0,8539.86,Debit,Washington,Branch,Doctor,Medium,Medium,1
508.73,59.0,89.0,1.0,7640.57,Debit,Chicago,Branch,Retired,Medium,Medium,2
153.08,24.0,201.0,1.0,1292.21,Debit,Omaha,ATM,Student,Low,Low,0
23.00999999999999,63.0,166.0,1.0,5958.75,Debit,Las Vegas,Branch,Retired,Low,Medium,0
69.28000000000003,25.0,129.0,1.0,708.7399999999998,Debit,Los Angeles,Online,Student,Low,Low,0
51.25,28.0,66.0,1.0,1744.4,Credit,Austin,Branch,Student,Low,Low,2
407.65,25.0,263.0,1.0,273.77999999999975,Debit,Denver,ATM,Student,Medium,Low,2
459.25,25.0,59.0,1.0,130.76000000000022,Debit,Tucson,Branch,Student,Medium,Low,1
301.56,49.0,118.0,1.0,10389.6,Debit,Seattle,Branch,Doctor,Medium,High,1
17.670000000000016,63.0,91.0,1.0,1048.1800000000007,Debit,San Diego,Online,Doctor,Low,Low,1
5.2900000000000205,32.0,132.0,1.0,12896.68,Credit,San Francisco,Online,Doctor,Low,High,1
401.37,43.0,251.0,1.0,8208.54,Debit,Los Angeles,Branch,Engineer,Medium,Medium,0
145.4,38.0,24.0,1.0,5244.49,Debit,Tucson,Online,Engineer,Low,Medium,1
556.34,37.0,46.0,1.0,11935.14,Debit,Seattle,Online,Doctor,Medium,High,1
34.31,24.0,251.0,1.0,1484.7600000000002,Debit,Philadelphia,ATM,Student,Low,Low,1
780.5899999999999,23.0,145.0,1.0,6513.34,Credit,Tucson,Online,Student,High,Medium,1
282.65,35.0,161.0,1.0,13801.15,Debit,Fort Worth,ATM,Doctor,Low,High,2
305.27,68.0,147.0,1.0,12958.65,Debit,Las Vegas,Online,Doctor,Medium,High,0
185.81,32.0,116.0,1.0,9588.71,Debit,Austin,Online,Doctor,Low,Medium,2
66.00999999999999,49.0,179.0,1.0,3475.99,Debit,Milwaukee,Online,,Low,Low,0
447.95,29.0,75.0,1.0,7544.4,Debit,Tucson,Branch,Engineer,Medium,Medium,1
279.3,19.0,48.0,1.0,1193.6099999999992,Debit,Oklahoma City,ATM,Student,Low,Low,0
611.1500000000001,27.0,121.0,1.0,892.8299999999999,Debit,Detroit,ATM,Student,High,Low,2
275.2,54.0,81.0,1.0,1230.12,Debit,New York,Online,Engineer,Low,Low,0
427.79,18.0,189.0,1.0,1479.67,Debit,San Jose,Branch,Student,Medium,Low,1
469.13,54.0,139.0,1.0,1265.2799999999997,Credit,San Antonio,ATM,Doctor,Medium,Low,1
102.81000000000003,76.0,47.0,1.0,3228.87,Debit,Seattle,Branch,Retired,Low,Low,1
22.610000000000014,19.0,145.0,1.0,1111.6700000000005,Debit,Seattle,Online,Student,Low,Low,1
68.28,56.0,293.0,1.0,3213.16,Debit,Boston,Online,Engineer,Low,Low,2
33.64999999999998,63.0,146.0,1.0,12719.93,Credit,New York,Online,Doctor,Low,High,0
362.68,63.0,137.0,1.0,2040.77,Credit,Miami,ATM,Retired,Medium,Low,0
73.23000000000002,20.0,172.0,1.0,1309.85,Debit,San Francisco,Branch,Student,Low,Low,1
654.49,25.0,104.0,1.0,164.60999999999967,Credit,Austin,Online,Student,High,Low,2
18.560000000000002,49.0,161.0,1.0,4230.37,Credit,Memphis,Branch,Engineer,Low,Low,0
389.05,27.0,41.0,1.0,761.0,Debit,Dallas,ATM,Student,Medium,Low,2
66.91,39.0,85.0,1.0,871.1000000000004,Debit,Seattle,ATM,Doctor,Low,Low,1
335.48,45.0,155.0,1.0,3023.16,Debit,Oklahoma City,Branch,Engineer,Medium,Low,0
38.139999999999986,19.0,174.0,1.0,1119.21,Debit,Albuquerque,Online,Student,Low,Low,2
360.02,68.0,68.0,1.0,6400.59,Debit,Dallas,Online,Retired,Medium,Medium,2
567.71,63.0,80.0,1.0,13884.24,Debit,Memphis,Online,Doctor,Medium,High,0
218.19,19.0,185.0,1.0,620.8299999999999,Debit,Austin,ATM,Student,Low,Low,2
209.99,19.0,40.0,1.0,1938.0100000000002,Debit,Denver,ATM,Student,Low,Low,2
11.019999999999982,19.0,280.0,1.0,964.79,Debit,Tucson,Branch,Student,Low,Low,1
83.43,56.0,109.0,1.0,1870.1599999999999,Debit,New York,Online,Retired,Low,Low,0
344.97,34.0,106.0,1.0,5577.94,Debit,Austin,Online,Doctor,Medium,Medium,2
172.29,36.0,283.0,1.0,8700.8,Debit,El Paso,ATM,Engineer,Low,Medium,2
195.54,60.0,255.0,1.0,2794.66,Debit,Omaha,Online,Retired,Low,Low,0
101.23000000000002,45.0,87.0,1.0,6169.71,Debit,Colorado Springs,Online,Engineer,Low,Medium,2
180.46,25.0,34.0,1.0,831.75,Debit,Fresno,ATM,Student,Low,Low,2
692.55,53.0,109.0,1.0,2451.56,Debit,Charlotte,Branch,Retired,High,Low,2
147.31,34.0,92.0,1.0,13625.52,Credit,Mesa,Online,Doctor,Low,High,0
107.48000000000002,20.0,103.0,1.0,1379.3900000000003,Debit,Los Angeles,Branch,Student,Low,Low,0
81.50999999999999,25.0,97.0,1.0,865.4899999999998,Debit,Washington,Branch,Student,Low,Low,1
365.48,76.0,216.0,1.0,7147.4,Credit,Seattle,Online,Retired,Medium,Medium,1
491.1,35.0,125.0,1.0,7833.85,Credit,Houston,Online,Engineer,Medium,Medium,0
452.8,80.0,151.0,1.0,4840.67,Debit,Los Angeles,Branch,Retired,Medium,Low,0
645.04,70.0,78.0,1.0,7361.47,Debit,Memphis,Branch,Retired,High,Medium,0
169.28,45.0,114.0,1.0,5128.44,Debit,Philadelphia,Branch,Doctor,Low,Medium,1
88.42000000000002,62.0,91.0,1.0,12381.45,Debit,El Paso,ATM,Doctor,Low,High,2
155.53,29.0,66.0,1.0,4008.05,Debit,Baltimore,ATM,Engineer,Low,Low,2
39.24000000000001,77.0,106.0,1.0,6462.41,Debit,Dallas,ATM,Retired,Low,Medium,2
78.76999999999998,48.0,50.0,1.0,6470.57,Credit,Las Vegas,ATM,Engineer,Low,Medium,0
26.5,48.0,179.0,1.0,4854.83,Debit,Indianapolis,Online,Engineer,Low,Low,0
83.62,48.0,146.0,1.0,12652.22,Debit,Raleigh,ATM,Doctor,Low,High,1
142.78,68.0,150.0,1.0,11705.88,Debit,San Diego,Branch,Doctor,Low,High,1
55.99000000000001,35.0,95.0,1.0,932.6099999999997,Debit,El Paso,ATM,Doctor,Low,Low,2
774.48,61.0,31.0,1.0,11613.58,Debit,Louisville,Branch,Doctor,High,High,0
105.37000000000003,25.0,160.0,1.0,1068.5500000000002,Debit,Sacramento,ATM,Student,Low,Low,1
118.82999999999998,28.0,295.0,1.0,1616.3000000000002,Debit,Virginia Beach,Online,Student,Low,Low,1
46.22000000000003,23.0,217.0,1.0,471.27999999999975,Debit,San Jose,Branch,Student,Low,Low,1
659.71,21.0,148.0,1.0,106.85999999999967,Credit,San Jose,Branch,Student,High,Low,1
377.97,72.0,160.0,1.0,2457.1,Debit,Miami,Online,Retired,Medium,Low,0
114.1,69.0,148.0,1.0,5882.12,Debit,Boston,Branch,Retired,Low,Medium,2
11.300000000000011,55.0,41.0,1.0,1938.9899999999998,Credit,Louisville,Online,Retired,Low,Low,0
95.5,57.0,17.0,1.0,4079.09,Debit,Omaha,Online,Retired,Low,Low,0
130.93,28.0,149.0,1.0,860.1199999999999,Credit,Houston,Branch,Engineer,Low,Low,0
272.97,68.0,174.0,1.0,7811.31,Debit,Boston,Online,Retired,Low,Medium,2
73.35,24.0,47.0,1.0,1181.8400000000001,Debit,San Francisco,Branch,Student,Low,Low,1
29.939999999999998,58.0,243.0,1.0,10915.54,Debit,San Francisco,ATM,Doctor,Low,High,1
50.52000000000001,20.0,140.0,1.0,1121.1900000000005,Debit,Boston,Online,Student,Low,Low,2
820.46,53.0,243.0,1.0,5621.86,Credit,Fort Worth,Online,Engineer,High,Medium,2
153.07,56.0,116.0,1.0,8873.43,Debit,Detroit,ATM,Engineer,Low,Medium,2
52.93999999999997,41.0,146.0,1.0,6990.92,Debit,Tucson,Branch,Doctor,Low,Medium,1
384.41,60.0,65.0,1.0,7831.56,Debit,Jacksonville,ATM,Engineer,Medium,Medium,0
235.42,51.0,175.0,1.0,6173.23,Debit,Phoenix,Branch,Retired,Low,Medium,1
114.23000000000002,56.0,64.0,1.0,9523.72,Debit,Dallas,ATM,Doctor,Low,Medium,2
12.620000000000005,33.0,61.00000000000001,1.0,6420.47,Debit,El Paso,Branch,Doctor,Low,Medium,2
373.52,35.0,235.0,1.0,6430.41,Debit,Colorado Springs,ATM,Engineer,Medium,Medium,2
336.05,28.0,164.0,1.0,1635.0500000000002,Debit,San Antonio,Branch,Student,Medium,Low,1
366.93,66.0,33.0,1.0,6697.79,Debit,Houston,Online,Retired,Medium,Medium,0
112.27000000000001,58.0,102.0,1.0,7369.89,Debit,Seattle,Branch,Doctor,Low,Medium,1
494.96,40.0,132.0,1.0,6903.68,Debit,Sacramento,ATM,Engineer,Medium,Medium,1
561.58,65.0,23.0,1.0,11748.86,Debit,Sacramento,Online,Doctor,Medium,High,1
440.94,42.0,148.0,1.0,7303.23,Debit,San Antonio,Online,Doctor,Medium,Medium,1
71.9,29.0,51.0,1.0,10619.35,Debit,Los Angeles,Branch,Doctor,Low,High,0
256.66,54.0,137.0,1.0,1794.5,Credit,Raleigh,Online,Retired,Low,Low,1
166.55,59.0,99.0,1.0,12970.21,Credit,Houston,Branch,Doctor,Low,High,0
276.26,56.0,143.0,1.0,120.89000000000033,Debit,Louisville,Branch,Doctor,Low,Low,0
35.45999999999998,67.0,164.0,1.0,5692.31,Debit,Indianapolis,ATM,Doctor,Low,Medium,0
38.139999999999986,50.0,165.0,1.0,9879.87,Debit,Portland,Branch,Engineer,Low,Medium,1
506.26,64.0,86.0,1.0,6266.65,Credit,Baltimore,ATM,Retired,Medium,Medium,2
736.32,31.0,27.999999999999986,1.0,14268.95,Debit,Indianapolis,Online,Doctor,High,High,0
389.43,52.0,151.0,1.0,6449.83,Credit,Austin,ATM,Engineer,Medium,Medium,2
25.579999999999984,60.0,166.0,1.0,6741.41,Debit,Omaha,ATM,Engineer,Low,Medium,0
446.1,25.0,243.0,1.0,1008.4400000000005,Debit,Seattle,ATM,Student,Medium,Low,1
147.73999999999998,23.0,15.0,1.0,1711.7799999999997,Debit,Raleigh,Branch,Student,Low,Low,1
46.22999999999999,77.0,282.0,1.0,5107.75,Debit,Fresno,Online,Retired,Low,Medium,2
265.37,33.0,77.0,1.0,5229.95,Debit,Washington,Branch,Engineer,Low,Medium,1
342.57,20.0,91.0,1.0,339.15999999999985,Debit,Boston,Online,Student,Medium,Low,2
417.26,32.0,45.0,1.0,10442.48,Credit,New York,Online,Doctor,Medium,High,0
33.629999999999995,63.0,76.0,1.0,4324.4,Debit,Columbus,Online,Retired,Low,Low,2
64.57999999999998,55.0,173.0,1.0,6292.29,Debit,El Paso,Branch,Retired,Low,Medium,2
23.230000000000018,21.0,122.0,1.0,269.0100000000002,Credit,Miami,Branch,Student,Low,Low,0
285.49,53.0,109.0,1.0,6366.84,Credit,Charlotte,Branch,Doctor,Low,Medium,2
71.87,22.0,258.0,1.0,1839.1,Debit,Nashville,ATM,Student,Low,Low,0
308.8,53.0,41.0,1.0,3966.54,Debit,Baltimore,ATM,Retired,Medium,Low,2
288.43,66.0,72.0,1.0,4577.09,Debit,Phoenix,Branch,Retired,Low,Low,1
147.46,65.0,205.0,1.0,7458.03,Credit,Albuquerque,Online,Doctor,Low,Medium,2
214.15,32.0,217.0,1.0,6397.29,Debit,,Branch,Engineer,Low,Medium,1
170.36,30.0,118.0,1.0,6034.73,Debit,Indianapolis,ATM,Doctor,Low,Medium,0
736.53,55.0,120.0,1.0,9826.26,Debit,Philadelphia,ATM,Engineer,High,Medium,1
213.42,45.0,17.0,1.0,3736.38,Debit,Columbus,ATM,Engineer,Low,Low,2
94.09,27.0,203.0,1.0,646.8500000000004,Debit,Miami,Branch,Student,Low,Low,0
91.23000000000005,72.0,86.0,1.0,6385.12,,Boston,ATM,Retired,Low,Medium,2
263.92,57.0,233.0,1.0,4161.71,Credit,San Diego,Branch,Retired,Low,Low,1
77.49999999999997,51.0,201.0,1.0,11079.77,Credit,Fort Worth,Online,Doctor,Low,High,2
3.6499999999999773,69.0,146.0,1.0,10017.11,Debit,Miami,Online,Doctor,Low,Medium,0
43.879999999999995,26.0,251.0,1.0,1644.0900000000001,Credit,Seattle,Online,Student,Low,Low,1
224.79,18.0,129.0,1.0,528.3800000000001,Debit,Boston,Online,Student,Low,Low,2
64.30000000000001,55.0,67.0,1.0,7530.3,Debit,Louisville,ATM,Retired,Low,Medium,0
111.79000000000002,62.0,49.0,1.0,10887.59,Debit,Jacksonville,Online,Doctor,Low,High,0
613.7,61.0,37.0,1.0,7307.11,Credit,Fort Worth,Branch,Retired,High,Medium,2
170.45,60.0,199.0,1.0,2284.41,Debit,San Francisco,Branch,Engineer,Low,Low,1
344.27,22.0,123.0,1.0,1918.3599999999997,Debit,San Antonio,Branch,Student,Medium,Low,1
872.72,22.0,288.0,1.0,503.0100000000002,Debit,Washington,Online,Student,High,Low,1
292.95,37.0,56.0,1.0,1216.9099999999999,Debit,Memphis,Branch,Engineer,Low,Low,0
28.439999999999998,18.0,243.0,1.0,1071.04,Debit,Fresno,ATM,Student,Low,Low,2
209.02,21.0,74.0,1.0,187.89999999999964,Debit,El Paso,ATM,Student,Low,Low,2
20.05000000000001,72.0,171.0,1.0,7145.67,Debit,Chicago,ATM,Retired,Low,Medium,2
175.02,28.0,71.0,1.0,1493.88,Debit,Phoenix,Online,Student,Low,Low,1
89.5,41.0,134.0,1.0,8658.95,Credit,Louisville,Branch,Engineer,Low,Medium,0
69.95999999999998,28.0,31.0,1.0,164.1199999999999,Debit,Baltimore,Branch,Student,Low,Low,2
376.78,21.0,88.0,1.0,841.6499999999996,Credit,Nashville,Online,Student,Medium,Low,0
148.53999999999996,71.0,107.0,1.0,5677.05,Credit,Columbus,Branch,Retired,Low,Medium,2
388.77,26.0,30.0,1.0,1658.4899999999998,Credit,Jacksonville,Online,Student,Medium,Low,0
100.38000000000002,63.0,49.0,1.0,10171.68,Debit,Seattle,Branch,Doctor,Low,High,1
137.23,64.0,63.0,1.0,13847.99,Debit,Fresno,Branch,Doctor,Low,High,2
870.3,51.0,229.0,1.0,3688.98,Debit,San Jose,ATM,Retired,High,Low,1
458.94,52.0,180.0,1.0,5619.95,Debit,Detroit,Branch,Engineer,Medium,Medium,2
327.35,20.0,175.0,1.0,342.0799999999999,Credit,Memphis,Branch,Student,Medium,Low,0
757.15,53.0,38.0,1.0,4702.86,Debit,Raleigh,Online,Engineer,High,Low,1
47.22999999999999,73.0,160.0,1.0,6659.81,Credit,Memphis,Online,Retired,Low,Medium,0
239.41,42.0,248.0,1.0,7860.65,Credit,,Online,Doctor,Low,Medium,1
170.97,26.0,292.0,1.0,1265.27,Debit,Nashville,Branch,Student,Low,Low,0
659.15,22.0,204.0,1.0,1241.5900000000001,Debit,Boston,ATM,Student,High,Low,2
31.529999999999973,25.0,283.0,1.0,874.9300000000003,Debit,Kansas City,Online,Student,Low,Low,0
111.66,48.0,140.0,1.0,5716.72,Credit,,Online,Engineer,Low,Medium,1
250.01,62.0,88.0,1.0,1541.48,Debit,Kansas City,ATM,Retired,Low,Low,0
554.15,49.0,108.0,1.0,14817.22,Debit,Raleigh,ATM,Doctor,Medium,High,1
598.66,32.0,222.0,1.0,2587.11,,Charlotte,Branch,Engineer,Medium,Low,2
28.379999999999995,55.0,98.0,1.0,173.69999999999982,Debit,Sacramento,Branch,Doctor,Low,Low,1
16.80000000000001,49.0,94.0,1.0,11847.07,Debit,San Diego,ATM,Doctor,Low,High,1
896.79,33.0,168.0,1.0,11146.74,Debit,Dallas,Online,Doctor,High,High,2
159.0,49.0,38.0,1.0,369.78999999999996,Debit,Las Vegas,ATM,Engineer,Low,Low,0
56.31,75.0,195.0,1.0,6396.08,Credit,Houston,Online,Retired,Low,Medium,0
203.99,52.0,215.0,1.0,4840.31,Debit,Philadelphia,Online,Retired,Low,Low,1
50.99000000000001,29.0,76.0,1.0,1334.6,Debit,Detroit,Branch,Doctor,Low,Low,2
101.28,32.0,75.0,1.0,2774.35,Credit,Chicago,Online,Engineer,Low,Low,2
299.92,27.0,122.0,1.0,1368.0,Debit,Denver,ATM,Student,Low,Low,2
77.54000000000002,67.0,73.0,1.0,4536.38,Debit,Phoenix,Online,Retired,Low,Low,1
18.350000000000023,21.0,78.0,1.0,1293.3900000000003,Debit,Nashville,Branch,Student,Low,Low,0
732.53,26.0,116.0,1.0,441.53999999999996,Credit,San Jose,ATM,Student,High,Low,1
65.11000000000001,34.0,150.0,1.0,8485.14,Debit,Nashville,ATM,Engineer,Low,Medium,0
67.07,24.0,56.0,1.0,999.6199999999999,Credit,Los Angeles,ATM,Student,Low,Low,0
137.48,55.0,47.0,1.0,14273.42,Debit,Seattle,Branch,Doctor,Low,High,1
398.36,22.0,56.0,1.0,1863.6999999999998,Debit,Columbus,ATM,Student,Medium,Low,2
469.46,20.0,149.0,1.0,8640.56,Debit,New York,ATM,Student,Medium,Medium,0
37.579999999999984,57.0,182.0,1.0,259.4399999999996,Debit,Indianapolis,ATM,Doctor,Low,Low,0
160.24,31.0,15.0,1.0,5526.97,Debit,Washington,ATM,Engineer,Low,Medium,1
315.39,23.0,93.0,1.0,929.6000000000004,Credit,New York,Branch,Student,Medium,Low,0
165.91,26.0,84.0,1.0,587.1199999999999,Debit,Jacksonville,ATM,Student,Low,Low,0
211.36,47.0,194.0,1.0,4760.34,Debit,San Francisco,Branch,Engineer,Low,Low,1
241.45,26.0,158.0,1.0,1594.04,Debit,Portland,Online,Student,Low,Low,1
23.24000000000001,68.0,129.0,1.0,13777.79,Debit,Indianapolis,Branch,Doctor,Low,High,0
70.87999999999997,74.0,176.0,1.0,1794.65,Credit,Omaha,Branch,Retired,Low,Low,0
314.52,80.0,229.0,1.0,7071.32,Debit,Memphis,ATM,Retired,Medium,Medium,0
181.81,78.0,122.0,1.0,7525.73,Credit,Austin,Online,Retired,Low,Medium,2
854.64,56.0,118.0,1.0,2989.25,Debit,Fort Worth,Branch,Retired,High,Low,2
261.19,64.0,52.0,1.0,7620.6,Debit,Oklahoma City,ATM,Retired,Low,Medium,0
220.68,71.0,217.0,1.0,5549.2,Credit,Raleigh,Online,Retired,Low,Medium,1
11.860000000000014,31.0,129.0,1.0,6782.61,Debit,Sacramento,Branch,Engineer,Low,Medium,1
122.65,28.0,41.0,1.0,1968.5100000000002,Debit,Columbus,Online,Student,Low,Low,2
395.16,56.0,17.0,1.0,5340.73,Debit,Milwaukee,Online,Retired,Medium,Medium,0
704.69,51.0,150.0,1.0,3267.84,Debit,Las Vegas,Online,Retired,High,Low,0
369.89,69.0,69.0,1.0,6941.47,Debit,San Antonio,ATM,Retired,Medium,Medium,1
10.920000000000016,67.0,268.0,1.0,7567.2,Debit,Jacksonville,ATM,Retired,Low,Medium,0
199.14,31.0,36.0,1.0,7001.25,Debit,Seattle,Branch,Engineer,Low,Medium,1
109.43,70.0,140.0,1.0,1983.65,Debit,Denver,,Retired,Low,Low,2
304.15,20.0,40.0,1.0,686.9099999999999,Debit,Atlanta,Branch,Student,Medium,Low,2
620.54,28.0,98.0,1.0,213.35999999999967,Credit,Omaha,Branch,Student,High,Low,0
757.79,22.0,117.0,1.0,1443.02,Debit,Charlotte,Online,Student,High,Low,2
122.81,52.0,12.0,1.0,8450.84,Debit,San Jose,Branch,Doctor,Low,Medium,1
96.25,61.0,171.0,1.0,7996.7,Debit,Houston,Online,Retired,Low,Medium,0
142.55,67.0,97.0,1.0,1262.6800000000003,Debit,Kansas City,Online,Doctor,Low,Low,0
35.94,23.0,141.0,1.0,1697.2799999999997,Credit,Fresno,Branch,Student,Low,Low,2
24.860000000000014,58.0,292.0,1.0,2591.65,Debit,Jacksonville,Branch,Engineer,Low,Low,0
103.07999999999998,60.0,109.0,1.0,12002.16,Debit,San Francisco,Online,Doctor,Low,High,1
116.26999999999998,57.0,94.0,1.0,8726.92,Debit,Portland,Online,Engineer,Low,Medium,1
50.900000000000034,28.0,150.0,1.0,1277.6999999999998,Credit,Jacksonville,Online,Student,Low,Low,0
206.84,20.0,154.0,1.0,454.65999999999985,Debit,Philadelphia,Branch,Student,Low,Low,1
37.39999999999998,20.0,84.0,1.0,1519.5100000000002,Debit,Raleigh,ATM,Student,Low,Low,1
154.21,46.0,75.0,1.0,8045.77,Debit,Miami,Online,Engineer,Low,Medium,0
199.37,24.0,79.0,1.0,1331.3000000000002,Debit,Chicago,Online,Student,Low,Low,2
18.230000000000018,56.0,27.999999999999986,1.0,8422.2,Debit,Nashville,ATM,Engineer,Low,Medium,0
398.7,47.0,276.0,1.0,7987.74,Debit,Albuquerque,ATM,Doctor,Medium,Medium,2
378.2,40.0,167.0,1.0,7372.81,Debit,Mesa,Branch,Engineer,Medium,Medium,0
124.74000000000001,49.0,33.0,1.0,2987.97,Debit,Los Angeles,ATM,Engineer,Low,Low,0
17.100000000000023,53.0,101.0,1.0,1619.54,Debit,Albuquerque,ATM,Retired,Low,Low,2
287.05,22.0,212.0,1.0,1204.6500000000005,Debit,Milwaukee,ATM,Student,Low,Low,0
874.72,28.0,173.0,1.0,4630.58,Debit,San Francisco,Online,Engineer,High,Low,1
40.120000000000005,36.0,269.0,1.0,14304.38,Credit,Dallas,ATM,Doctor,Low,High,2
125.0,49.0,177.0,1.0,3215.76,Credit,Indianapolis,Online,Engineer,Low,Low,0
348.44,24.0,147.0,1.0,1022.9399999999996,Debit,Baltimore,Online,Student,Medium,Low,2
128.4,69.0,31.0,1.0,2610.64,Debit,Tucson,ATM,Retired,Low,Low,1
320.93,55.0,178.0,1.0,9451.66,Debit,Atlanta,Online,Engineer,Medium,Medium,2
1.4100000000000819,53.0,278.0,1.0,1244.17,Debit,Sacramento,ATM,Retired,Low,Low,1
50.52000000000001,54.0,293.0,1.0,12815.24,Debit,Los Angeles,Branch,Doctor,Low,High,0
383.95,31.0,143.0,1.0,9933.56,Credit,San Diego,Online,Engineer,Medium,Medium,1
12.939999999999998,23.0,158.0,1.0,921.2299999999996,Debit,Fresno,Branch,Student,Low,Low,2
329.75,56.0,211.0,1.0,6009.43,Debit,Sacramento,Online,Retired,Medium,Medium,1
40.79000000000002,18.0,80.0,1.0,1769.33,Debit,Milwaukee,ATM,Student,Low,Low,0
99.25,63.0,93.0,1.0,2570.34,Credit,Phoenix,Online,Retired,Low,Low,1
150.6,69.0,59.0,1.0,3240.14,Debit,Miami,ATM,Retired,Low,Low,0
29.5,73.0,129.0,1.0,1229.3199999999997,Debit,San Antonio,Online,Retired,Low,Low,1
54.34,65.0,46.0,1.0,8019.89,Debit,Albuquerque,ATM,Doctor,Low,Medium,2
18.25,53.0,18.0,1.0,14328.29,Debit,Kansas City,ATM,Doctor,Low,High,0
633.87,27.0,175.0,1.0,330.15999999999985,Debit,Kansas City,Online,Student,High,Low,0
81.15,19.0,114.0,1.0,1595.2600000000002,Debit,Miami,ATM,Student,Low,Low,0
83.94999999999999,75.0,170.0,1.0,7413.18,Debit,New York,Online,Retired,Low,Medium,0
410.4,61.0,78.0,1.0,2563.91,Credit,Virginia Beach,ATM,Retired,Medium,Low,1
172.68,33.0,17.0,1.0,10724.95,Debit,Baltimore,ATM,Doctor,Low,High,2
139.87999999999997,34.0,162.0,1.0,2969.71,Debit,Colorado Springs,ATM,Engineer,Low,Low,2
165.55,28.0,115.0,1.0,761.7799999999997,Debit,Dallas,Branch,Student,Low,Low,2
285.69,63.0,35.0,1.0,2552.54,Debit,Miami,ATM,Retired,Low,Low,0
532.4,22.0,149.0,1.0,1033.73,Debit,Jacksonville,ATM,Student,Medium,Low,0
293.85,25.0,144.0,1.0,1919.9700000000003,Debit,Charlotte,Online,Student,Low,Low,2
27.939999999999998,79.0,120.0,1.0,1893.44,Debit,Atlanta,Branch,Retired,Low,Low,2
270.36,25.0,37.0,1.0,1783.04,Debit,Oklahoma City,ATM,Student,Low,Low,0
506.03,21.0,21.0,1.0,1123.8900000000008,Debit,Detroit,Branch,Student,Medium,Low,2
206.95,22.0,31.0,1.0,1817.65,Debit,Seattle,Branch,Student,Low,Low,1
350.96,63.0,167.0,1.0,5463.94,Debit,Tucson,ATM,Retired,Medium,Medium,1
261.63,20.0,150.0,1.0,477.02999999999975,Debit,Chicago,Branch,Student,Low,Low,2
46.120000000000005,59.0,30.0,1.0,8874.01,Debit,Fresno,Branch,Doctor,Low,Medium,2
27.25,63.0,92.0,1.0,5365.2,Credit,Kansas City,Branch,Retired,Low,Medium,0
331.66,76.0,145.0,1.0,7216.3,Debit,Las Vegas,ATM,Retired,Medium,Medium,0
667.95,62.0,253.0,1.0,13558.56,Credit,Oklahoma City,ATM,Doctor,High,High,0
49.84000000000003,49.0,146.0,1.0,7872.04,Debit,Chicago,ATM,Doctor,Low,Medium,2
556.04,72.0,27.0,1.0,5200.04,Debit,Denver,ATM,Retired,Medium,Medium,2
88.06,18.0,288.0,1.0,1779.85,Credit,Raleigh,Online,Student,Low,Low,1
745.95,58.0,127.0,1.0,13264.14,Debit,Memphis,ATM,Doctor,High,High,0
67.25,19.0,157.0,1.0,467.39999999999964,Debit,Miami,Online,Student,Low,Low,0
93.62999999999997,29.0,141.0,1.0,9873.62,Debit,New York,ATM,Engineer,Low,Medium,0
74.11000000000001,22.0,49.0,1.0,1257.9,Debit,San Jose,Branch,,Low,Low,1
41.129999999999995,77.0,58.0,1.0,6067.54,Credit,Philadelphia,Branch,Retired,Low,Medium,1
192.02000000000004,79.0,154.0,1.0,5169.07,Credit,Indianapolis,Online,Retired,Low,Medium,0
291.27,77.0,121.0,1.0,6878.86,Debit,Detroit,Branch,Retired,Low,Medium,2
296.46,23.0,136.0,1.0,558.9899999999998,,Dallas,Branch,Student,Low,Low,2
341.84,27.0,89.0,1.0,1400.04,Credit,El Paso,Branch,Student,Medium,Low,2
98.41,27.0,48.0,1.0,912.71,Debit,Sacramento,Online,Student,Low,Low,1
27.50999999999999,40.0,103.0,1.0,13645.63,Credit,Columbus,Online,Doctor,Low,High,2
207.71,25.0,63.0,1.0,570.1000000000004,Credit,Kansas City,Online,,Low,Low,0
25.769999999999982,45.0,277.0,1.0,11749.77,Credit,San Diego,Online,Doctor,Low,High,1
127.57,52.0,75.0,1.0,6118.2,Debit,Nashville,ATM,Retired,Low,Medium,0
392.05,60.0,172.0,1.0,4383.69,Debit,Denver,ATM,Engineer,Medium,Low,2
521.01,41.0,73.0,1.0,4004.55,Credit,Seattle,Branch,Engineer,Medium,Low,1
849.76,25.0,269.0,1.0,373.8800000000001,Debit,Seattle,ATM,Student,High,Low,1
172.5,68.0,31.0,1.0,6851.16,Debit,Columbus,Online,Doctor,Low,Medium,2
152.34,55.0,115.0,1.0,6853.51,Debit,Omaha,Branch,Doctor,Low,Medium,0
21.129999999999995,28.0,153.0,1.0,948.6999999999998,Debit,Dallas,Branch,Student,Low,Low,2
111.55000000000004,46.0,101.0,1.0,12221.17,Debit,Denver,ATM,Doctor,Low,High,2
321.82,32.0,43.000000000000014,1.0,6500.5,Credit,Raleigh,Branch,Engineer,Medium,Medium,1
148.77,67.0,175.0,1.0,2138.42,Debit,San Jose,Branch,Retired,Low,Low,1
14.079999999999984,57.0,154.0,1.0,3908.65,Debit,,Branch,Retired,Low,Low,1
566.33,24.0,66.0,1.0,379.8199999999997,Credit,Charlotte,ATM,Student,Medium,Low,2
206.51,51.0,275.0,1.0,3921.74,,Indianapolis,ATM,Retired,Low,Low,0
180.94,75.0,57.0,1.0,7659.99,Debit,Raleigh,Branch,Retired,Low,Medium,1
77.9,21.0,128.0,1.0,664.7200000000003,Debit,Washington,Branch,Student,Low,Low,1
318.92,21.0,60.0,1.0,1167.25,Credit,Washington,Branch,Student,Medium,Low,1
583.3,59.0,142.0,1.0,5896.01,Credit,Nashville,Online,Engineer,Medium,Medium,0
100.68,63.0,139.0,1.0,1123.75,Debit,Memphis,Online,Retired,Low,Low,0
589.64,62.0,210.0,1.0,2039.4,Debit,Charlotte,Online,Retired,Medium,Low,2
225.93,25.0,199.0,1.0,1864.27,Credit,Omaha,Branch,Student,Low,Low,0
651.55,72.0,82.0,1.0,2325.78,Debit,Phoenix,Online,Retired,High,Low,1
80.97,38.0,157.0,1.0,5926.31,Debit,Seattle,Online,Doctor,Low,Medium,1
191.89,25.0,13.999999999999986,1.0,399.5699999999997,Debit,San Antonio,Branch,Student,Low,Low,1
304.75,78.0,125.0,1.0,1916.3400000000001,Credit,Austin,Branch,Retired,Medium,Low,2
201.53,68.0,287.0,1.0,2732.86,Debit,Tucson,Online,Retired,Low,Low,1
8.449999999999989,22.0,141.0,1.0,1115.3000000000002,Debit,Philadelphia,ATM,Student,Low,Low,1
435.98,30.0,105.0,1.0,7334.08,Debit,Mesa,Branch,Engineer,Medium,Medium,0
743.24,19.0,109.0,1.0,1024.1900000000005,Credit,Indianapolis,Online,Student,High,Low,0
16.269999999999982,57.0,44.0,1.0,10971.32,Debit,Atlanta,ATM,Doctor,Low,High,2
290.86,45.0,36.0,1.0,14631.88,Debit,Louisville,Online,Doctor,Low,High,0
85.73000000000002,41.0,266.0,1.0,14928.35,Debit,Virginia Beach,ATM,Doctor,Low,High,1
555.71,22.0,73.0,1.0,830.3699999999999,Credit,Boston,Branch,Student,Medium,Low,2
40.02999999999997,23.0,200.0,1.0,6408.8,Debit,Omaha,Branch,Student,Low,Medium,0
73.00999999999999,25.0,62.0,1.0,1997.33,Credit,Milwaukee,Online,Student,Low,Low,0
346.12,44.0,12.0,1.0,13084.27,Debit,San Francisco,Branch,Doctor,Medium,High,1
252.93,75.0,222.0,1.0,2760.37,Debit,Portland,ATM,Retired,Low,Low,1
58.69999999999999,67.0,141.0,1.0,8937.35,Debit,New York,,Doctor,Low,Medium,0
7.560000000000002,40.0,145.0,1.0,8528.72,Debit,Milwaukee,ATM,Doctor,Low,Medium,0
540.4,45.0,272.0,1.0,425.77000000000044,Debit,Houston,Branch,Doctor,Medium,Low,0
264.14,64.0,125.0,1.0,8459.26,Debit,Baltimore,ATM,Doctor,Low,Medium,2
248.15,75.0,202.0,1.0,2649.23,Debit,Milwaukee,ATM,Retired,Low,Low,0
24.339999999999975,54.0,110.0,1.0,6659.12,Debit,Raleigh,Branch,Engineer,Low,Medium,1
428.61,66.0,62.0,1.0,11937.04,Debit,Fort Worth,ATM,Doctor,Medium,High,2
117.66,39.0,126.0,1.0,6794.17,Credit,Memphis,Branch,Doctor,Low,Medium,0
165.8,60.0,287.0,1.0,2064.76,Debit,Nashville,Online,Engineer,Low,Low,0
289.18,65.0,64.0,1.0,3139.75,Debit,Baltimore,ATM,Retired,Low,Low,2
125.38999999999999,21.0,140.0,1.0,202.6899999999996,Debit,Los Angeles,ATM,Student,Low,Low,0
305.18,58.0,216.0,1.0,4474.2,Debit,Chicago,Online,Retired,Medium,Low,2
506.9,64.0,56.0,1.0,11471.87,Credit,Houston,Branch,Doctor,Medium,High,0
504.12,25.0,101.0,1.0,1107.2799999999997,Credit,Baltimore,Branch,Student,Medium,Low,2
42.09,29.0,118.0,1.0,5526.28,Debit,Denver,Branch,Engineer,Low,Medium,2
607.28,32.0,84.0,1.0,9679.68,Debit,Baltimore,ATM,Doctor,High,Medium,2
91.89999999999998,77.0,125.0,1.0,1033.9400000000005,Debit,Chicago,Online,Retired,Low,Low,2
303.43,22.0,30.0,1.0,1833.2399999999998,Debit,Virginia Beach,Branch,Student,Medium,Low,1
668.78,20.0,141.0,1.0,983.6800000000003,Debit,Mesa,ATM,Student,High,Low,0
270.54,20.0,139.0,1.0,269.77999999999975,Credit,Sacramento,ATM,Student,Low,Low,1
247.93,37.0,79.0,1.0,9801.48,Debit,Indianapolis,Branch,Engineer,Low,Medium,0
34.670000000000016,19.0,71.0,1.0,888.6000000000004,Debit,Chicago,Online,Student,Low,Low,2
326.03,18.0,137.0,1.0,290.2399999999998,Credit,New York,Online,Student,Medium,Low,0
148.26,25.0,57.0,1.0,958.6999999999998,Debit,Omaha,ATM,Student,Low,Low,0
373.99,60.0,140.0,1.0,8590.5,Debit,Sacramento,ATM,Doctor,Medium,Medium,1
819.48,25.0,26.0,1.0,1804.5,Debit,Virginia Beach,ATM,Student,High,Low,1
14.0,49.0,173.0,1.0,7975.18,Debit,San Antonio,ATM,Engineer,Low,Medium,1
57.16,40.0,74.0,1.0,222.22000000000025,Debit,Columbus,ATM,Engineer,Low,Low,2
282.26,37.0,278.0,1.0,6857.2,Debit,Memphis,Online,Engineer,Low,Medium,0
473.2,34.0,173.0,1.0,248.52000000000044,Debit,Houston,Online,Doctor,Medium,Low,0
192.97,59.0,140.0,1.0,3019.04,Debit,Sacramento,ATM,Retired,Low,Low,1
168.99,18.0,203.0,1.0,1523.5699999999997,Debit,Baltimore,ATM,Student,Low,Low,2
1.82000000000005,80.0,60.0,1.0,5571.39,Debit,San Francisco,Online,Retired,Low,Medium,1
40.89999999999998,55.0,37.0,1.0,1514.3400000000001,Debit,Charlotte,ATM,Doctor,Low,Low,2
78.91,61.0,157.0,1.0,1817.4300000000003,Debit,Sacramento,Online,Doctor,Low,Low,1
169.97,22.0,12.0,1.0,6269.12,Credit,San Diego,ATM,Student,Low,Medium,1
486.61,48.0,130.0,1.0,2006.69,Credit,Sacramento,ATM,Engineer,Medium,Low,1
148.13,58.0,56.0,1.0,2189.38,Debit,Phoenix,Branch,Retired,Low,Low,1
164.52,61.0,162.0,1.0,11036.74,Debit,Dallas,ATM,Doctor,Low,High,2
720.89,27.0,120.0,1.0,447.0600000000004,Debit,Indianapolis,ATM,Student,High,Low,0
268.7,53.0,63.0,1.0,2104.74,Debit,Milwaukee,ATM,Retired,Low,Low,0
637.34,51.0,278.0,1.0,5183.5,Debit,Indianapolis,ATM,Retired,High,Medium,0
216.76,47.0,138.0,1.0,643.6400000000003,Credit,Omaha,Online,Engineer,Low,Low,0
418.02,46.0,110.0,1.0,11011.86,Debit,Los Angeles,ATM,Doctor,Medium,High,0
292.03,46.0,154.0,1.0,951.3299999999999,Credit,Memphis,ATM,Engineer,Low,Low,0
251.4,57.0,178.0,1.0,2561.67,Debit,Tucson,ATM,Retired,Low,Low,1
184.56,21.0,93.0,1.0,1549.27,Debit,Virginia Beach,Online,Student,Low,Low,1
33.75999999999999,26.0,227.0,1.0,3253.51,Debit,Seattle,Online,Engineer,Low,Low,1
138.68,22.0,44.0,1.0,206.19999999999982,Credit,Colorado Springs,Branch,Student,Low,Low,2
42.56,18.0,146.0,1.0,4361.44,Debit,Fresno,Online,Student,Low,Low,2
680.76,21.0,165.0,1.0,572.9700000000003,Debit,,Branch,Student,High,Low,1
53.829999999999984,70.0,131.0,1.0,4580.59,Debit,Baltimore,Branch,Retired,Low,Low,2
11.089999999999975,51.0,95.0,1.0,2990.05,Debit,Charlotte,Branch,Engineer,Low,Low,2
37.81,63.0,195.0,1.0,5208.98,Debit,,Branch,Retired,Low,Medium,1
449.18,67.0,50.0,1.0,1025.9900000000002,Debit,Denver,Online,Retired,Medium,Low,2
297.6,39.0,162.0,1.0,1461.17,Debit,Milwaukee,Online,Doctor,Low,Low,0
683.75,32.0,106.0,1.0,6333.72,Debit,Las Vegas,Branch,Doctor,High,Medium,0
21.399999999999977,48.0,129.0,1.0,8551.6,Credit,,Online,Engineer,Low,Medium,1
315.94,78.0,93.0,1.0,4273.99,Debit,Omaha,ATM,Retired,Medium,Low,0
223.76,74.0,110.0,1.0,4102.23,Credit,Boston,Branch,Retired,Low,Low,2
216.03,42.0,300.0,1.0,10462.77,Debit,Boston,ATM,Doctor,Low,High,2
17.420000000000016,74.0,150.0,1.0,6851.31,Debit,Dallas,ATM,Retired,Low,Medium,2
491.91,78.0,155.0,1.0,2421.94,Debit,Milwaukee,Online,Retired,Medium,Low,0
350.11,74.0,178.0,1.0,4639.04,Credit,Raleigh,Online,Retired,Medium,Low,1
218.07,23.0,243.0,1.0,443.6199999999999,Debit,Austin,Branch,Student,Low,Low,2
422.14,26.0,109.0,1.0,1436.3199999999997,Credit,Albuquerque,Branch,Student,Medium,Low,2
613.21,61.0,157.0,1.0,3279.12,Debit,Tucson,ATM,Retired,High,Low,1
73.82999999999998,69.0,69.0,1.0,6020.29,Debit,Las Vegas,Online,Doctor,Low,Medium,0
67.32999999999998,59.0,36.0,1.0,5925.98,Debit,Detroit,Online,Engineer,Low,Medium,2
26.920000000000016,62.0,43.000000000000014,1.0,1674.94,Debit,Indianapolis,ATM,Retired,Low,Low,0
18.30000000000001,48.0,155.0,1.0,3733.52,Debit,Mesa,Online,Engineer,Low,Low,0
317.94,54.0,124.0,1.0,2996.51,Debit,Los Angeles,ATM,Engineer,Medium,Low,0
179.38,40.0,173.0,1.0,11666.18,Debit,Mesa,Online,Doctor,Low,High,0
13.920000000000016,37.0,209.0,1.0,2735.84,Debit,Los Angeles,ATM,Engineer,Low,Low,0
365.43,25.0,176.0,1.0,1073.5100000000002,Debit,Portland,ATM,Student,Medium,Low,1
263.59,71.0,16.0,1.0,6996.35,Debit,Dallas,Branch,Retired,Low,Medium,2
54.80000000000001,34.0,140.0,1.0,4943.49,Debit,Albuquerque,Branch,Engineer,Low,Low,2
141.49,24.0,75.0,1.0,1665.58,,Baltimore,Online,Student,Low,Low,2
31.389999999999986,20.0,15.0,1.0,998.4899999999998,Debit,Tucson,ATM,Student,Low,Low,1
93.82,39.0,176.0,1.0,8422.06,Debit,,Online,Engineer,Low,Medium,1
5.7099999999999795,21.0,106.0,1.0,1285.42,Debit,Tucson,Branch,Student,Low,Low,1
178.39,34.0,98.0,1.0,8469.43,Debit,Tucson,Online,Engineer,Low,Medium,1
126.91,22.0,42.0,1.0,692.6900000000005,Debit,,ATM,Student,Low,Low,1
36.09000000000003,53.0,167.0,1.0,12319.26,Debit,Columbus,Branch,Doctor,Low,High,2
91.77000000000001,51.0,174.0,1.0,9240.73,Debit,Omaha,Branch,Doctor,Low,Medium,0
198.92000000000002,36.0,100.0,1.0,2854.66,Debit,,Online,Engineer,Low,Low,1
137.81,58.0,44.0,1.0,2631.47,Debit,Detroit,Branch,Engineer,Low,Low,2
136.88,24.0,71.0,1.0,7465.95,Credit,Memphis,Branch,Student,Low,Medium,0
133.07,21.0,155.0,1.0,1670.9899999999998,Debit,Sacramento,Branch,Student,Low,Low,1
1.1399999999999864,43.0,137.0,1.0,13913.92,Debit,Indianapolis,Branch,Doctor,Low,High,0
256.34,69.0,99.0,1.0,7471.63,Debit,Kansas City,Branch,Retired,Low,Medium,0
56.110000000000014,36.0,109.0,1.0,11123.65,Debit,Boston,Branch,Doctor,Low,High,2
118.1,50.0,50.0,1.0,7976.6,Debit,Fort Worth,ATM,Engineer,Low,Medium,2
137.86,66.0,120.0,1.0,8046.94,Credit,Sacramento,Online,Doctor,Low,Medium,1
813.78,54.0,55.0,1.0,14935.5,Credit,Atlanta,ATM,Doctor,High,High,2
237.97,69.0,69.0,1.0,13486.15,Debit,Columbus,ATM,Doctor,Low,High,2
684.96,21.0,31.0,1.0,526.6700000000001,Debit,Mesa,ATM,Student,High,Low,0
878.63,60.0,139.0,1.0,4954.37,Debit,Columbus,ATM,Engineer,High,Low,2
276.56,68.0,15.0,1.0,8942.58,Debit,Austin,Branch,Doctor,Low,Medium,2
8.75,79.0,199.0,1.0,4044.62,Debit,Louisville,ATM,Retired,Low,Low,0
637.48,65.0,207.0,1.0,4148.85,Debit,Colorado Springs,Online,Retired,High,Low,2
103.15,51.0,179.0,1.0,11388.15,Debit,San Diego,Branch,Doctor,Low,High,1
505.6,52.0,183.0,1.0,5347.57,Debit,Denver,Branch,Retired,Medium,Medium,2
371.86,46.0,91.0,1.0,1329.4499999999998,Debit,Miami,ATM,Doctor,Medium,Low,0
14.259999999999991,50.0,37.0,1.0,2475.65,Debit,Virginia Beach,Branch,Engineer,Low,Low,1
13.160000000000025,43.0,98.0,1.0,1019.4600000000005,Debit,Mesa,Branch,Engineer,Low,Low,0
73.00999999999999,56.0,101.0,1.0,2833.12,Debit,Houston,ATM,Retired,Low,Low,0
201.5,61.0,196.0,1.0,12148.32,Credit,Dallas,Online,Doctor,Low,High,2
150.29999999999998,41.0,204.0,1.0,14371.08,Debit,Las Vegas,Online,Doctor,Low,High,0
23.69999999999999,46.0,32.0,1.0,7947.44,Debit,San Francisco,ATM,Doctor,Low,Medium,1
49.59,48.0,147.0,1.0,6037.03,Debit,Boston,Branch,Engineer,Low,Medium,2
720.13,22.0,96.0,1.0,387.02000000000044,Credit,Omaha,ATM,Student,High,Low,0
134.92,19.0,101.0,1.0,1081.9699999999998,Debit,Los Angeles,Online,Student,Low,Low,0
116.97,18.0,299.0,1.0,729.6999999999998,Debit,Oklahoma City,ATM,Student,Low,Low,0
88.29000000000002,50.0,287.0,1.0,5245.93,Credit,Houston,Online,Engineer,Low,Medium,0
5.810000000000002,25.0,222.0,1.0,1290.9499999999998,Debit,Houston,ATM,Student,Low,Low,0
103.48000000000002,32.0,33.0,1.0,6494.25,Debit,Baltimore,ATM,Engineer,Low,Medium,2
156.74,70.0,136.0,1.0,4004.35,Debit,Oklahoma City,ATM,Retired,Low,Low,0
505.14,68.0,179.0,1.0,2525.47,Debit,Portland,ATM,Retired,Medium,Low,1
31.060000000000002,46.0,61.00000000000001,1.0,11014.25,Debit,Kansas City,ATM,Doctor,Low,High,0
7.610000000000014,50.0,163.0,1.0,6275.0,Debit,Atlanta,ATM,Doctor,Low,Medium,2
276.16,53.0,71.0,1.0,1733.3400000000001,Credit,Portland,ATM,Retired,Low,Low,1
145.77,68.0,237.0,1.0,5294.98,Debit,Memphis,ATM,Retired,Low,Medium,0
369.44,34.0,19.0,1.0,5018.67,Debit,Detroit,Online,Engineer,Medium,Low,2
558.86,60.0,95.0,1.0,9844.32,Debit,Austin,ATM,Doctor,Medium,Medium,2
429.15,26.0,218.0,1.0,712.1300000000001,Debit,Las Vegas,Branch,Student,Medium,Low,0
36.74000000000001,33.0,133.0,1.0,6217.58,Debit,Tucson,Branch,Doctor,Low,Medium,1
79.13999999999999,57.0,22.0,1.0,2229.56,Credit,Portland,Online,Retired,Low,Low,1
132.48,36.0,101.0,1.0,9313.05,Debit,Charlotte,Branch,Engineer,Low,Medium,2
203.76,55.0,37.0,1.0,6747.16,Debit,Colorado Springs,Branch,Retired,Low,Medium,2
750.95,78.0,27.0,1.0,5134.37,Debit,Chicago,Branch,Retired,High,Medium,2
0.839999999999975,52.0,31.0,1.0,2207.54,Debit,Austin,ATM,Engineer,Low,Low,2
257.18,67.0,27.999999999999986,1.0,13336.15,Debit,Los Angeles,Online,Doctor,Low,High,0
767.6600000000001,63.0,155.0,1.0,1801.69,Debit,San Jose,ATM,Doctor,High,Low,1
182.29,54.0,123.0,1.0,522.3900000000003,Debit,San Diego,Online,Doctor,Low,Low,1
184.51,54.0,118.0,1.0,9381.64,Credit,Portland,Online,Doctor,Low,Medium,1
144.1,57.0,30.0,1.0,11523.64,Debit,Chicago,Branch,Doctor,Low,High,2
72.5,40.0,30.0,1.0,12723.62,Debit,Fort Worth,ATM,Doctor,Low,High,2
22.149999999999977,44.0,73.0,1.0,7451.83,Debit,Denver,Branch,Doctor,Low,Medium,2
777.92,62.0,97.0,1.0,7061.58,Debit,Austin,Branch,Doctor,High,Medium,2
790.07,28.0,197.0,1.0,985.7700000000004,Debit,Miami,Online,Student,High,Low,0
406.33,59.0,103.0,1.0,4298.34,Credit,Miami,Branch,Engineer,Medium,Low,0
767.41,56.0,27.0,1.0,12799.34,Debit,Fort Worth,ATM,Doctor,High,High,2
4.579999999999984,21.0,135.0,1.0,811.2399999999998,Credit,Atlanta,Online,Student,Low,Low,2
49.670000000000016,21.0,146.0,1.0,842.9400000000005,Debit,Atlanta,Online,Student,Low,Low,2
77.82999999999998,49.0,146.0,1.0,2471.53,Credit,Kansas City,Branch,Engineer,Low,Low,0
702.87,19.0,184.0,1.0,1237.5,Debit,Washington,ATM,Student,High,Low,1
133.56,25.0,177.0,1.0,783.8299999999999,Debit,,Online,Student,Low,Low,1
868.05,49.0,119.0,1.0,3931.03,Credit,San Diego,Online,Engineer,High,Low,1
52.870000000000005,24.0,70.0,1.0,960.96,Debit,Indianapolis,Branch,Student,Low,Low,0
179.0,78.0,121.0,1.0,7310.88,Debit,Houston,ATM,Retired,Low,Medium,0
384.11,58.0,12.0,1.0,7902.52,Debit,Fort Worth,ATM,Retired,Medium,Medium,2
227.61,71.0,61.00000000000001,1.0,4405.28,Debit,Houston,Online,Retired,Low,Low,0
40.829999999999984,48.0,24.0,1.0,3944.12,Debit,Indianapolis,ATM,Engineer,Low,Low,0
19.75999999999999,20.0,240.0,1.0,1523.04,Debit,Nashville,ATM,Student,Low,Low,0
484.24,67.0,77.0,1.0,8042.3,Debit,Raleigh,Branch,Doctor,Medium,Medium,1
301.47,21.0,291.0,1.0,560.7299999999996,Debit,Colorado Springs,Branch,Student,Medium,Low,2
199.09000000000003,70.0,89.0,1.0,1658.52,Debit,Detroit,Online,Doctor,Low,Low,2
38.94999999999999,27.0,50.0,1.0,731.5200000000004,Debit,Los Angeles,Online,Engineer,Low,Low,0
515.94,29.0,37.0,1.0,1389.8900000000003,Debit,San Francisco,ATM,Engineer,Medium,Low,1
41.930000000000035,48.0,136.0,1.0,5081.26,Debit,Fresno,ATM,Engineer,Low,Medium,2
95.35,21.0,131.0,1.0,1639.9,Debit,Chicago,Online,Student,Low,Low,2
93.14000000000001,67.0,151.0,1.0,5473.82,Debit,Memphis,Online,Retired,Low,Medium,0
79.32999999999998,51.0,109.0,1.0,14798.1,Credit,Las Vegas,Online,Doctor,Low,High,0
233.71,19.0,297.0,1.0,1231.98,Debit,Jacksonville,Online,Student,Low,Low,0
14.920000000000016,26.0,120.0,1.0,6611.26,Debit,Las Vegas,Branch,Engineer,Low,Medium,0
242.17,60.0,147.0,1.0,883.7200000000003,Debit,Jacksonville,ATM,Doctor,Low,Low,0
122.98000000000002,79.0,228.0,1.0,5055.99,Debit,Jacksonville,Online,Retired,Low,Low,0
129.35,52.0,130.0,1.0,7166.88,Debit,Las Vegas,ATM,Engineer,Low,Medium,0
138.33,21.0,69.0,1.0,232.5600000000004,Debit,Dallas,Online,Student,Low,Low,2
39.31,25.0,178.0,1.0,1236.38,Debit,Portland,Online,Student,Low,Low,1
91.85,21.0,148.0,1.0,802.0900000000001,Debit,Seattle,Online,Student,Low,Low,1
277.7,58.0,107.0,1.0,1423.1999999999998,Debit,Nashville,Branch,Engineer,Low,Low,0
114.03000000000003,51.0,172.0,1.0,13388.56,Debit,Portland,ATM,Doctor,Low,High,1
302.63,27.0,10.0,1.0,2801.28,Credit,San Jose,Branch,Engineer,Medium,Low,1
31.189999999999998,52.0,74.0,1.0,5545.96,Debit,Charlotte,ATM,Engineer,Low,Medium,2
112.91,27.0,135.0,1.0,4764.48,Credit,Tucson,Online,Engineer,Low,Low,1
742.26,27.0,36.0,1.0,7868.19,Debit,San Diego,Online,Engineer,High,Medium,1
256.8,26.0,80.0,1.0,1128.3799999999997,Debit,Charlotte,ATM,Student,Low,Low,2
378.68,60.0,239.0,1.0,7627.04,Debit,Fort Worth,ATM,Doctor,Medium,Medium,2
571.93,52.0,119.0,1.0,4026.03,Debit,Washington,Online,Retired,Medium,Low,1
26.310000000000002,77.0,163.0,1.0,7095.76,Credit,Austin,Online,Retired,Low,Medium,2
533.61,48.0,115.0,1.0,3656.93,Debit,Mesa,Online,Engineer,Medium,Low,0
428.62,55.0,72.0,1.0,3473.24,Debit,Raleigh,Branch,Retired,Medium,Low,1
361.22,64.0,167.0,1.0,7061.73,Debit,Raleigh,ATM,Retired,Medium,Medium,1
837.29,25.0,216.0,1.0,6012.67,Debit,Phoenix,Branch,Student,High,Medium,1
117.25,31.0,73.0,1.0,13694.68,Credit,Atlanta,Online,Doctor,Low,High,2
135.27,48.0,131.0,1.0,9410.51,Debit,Atlanta,ATM,Doctor,Low,Medium,2
185.1,53.0,23.0,1.0,6115.63,Debit,Albuquerque,Branch,Retired,Low,Medium,2
113.53999999999999,38.0,273.0,1.0,5581.21,Debit,Columbus,Online,Engineer,Low,Medium,2
354.96,69.0,96.0,1.0,6712.94,Debit,Fort Worth,Online,Doctor,Medium,Medium,2
224.22,53.0,37.0,1.0,8400.87,Debit,Fresno,Branch,Doctor,Low,Medium,2
737.1,60.0,92.0,1.0,4644.19,Debit,Washington,ATM,Retired,High,Low,1
223.22,27.0,96.0,1.0,1734.2200000000003,Debit,Fort Worth,ATM,Student,Low,Low,2
557.26,69.0,53.0,1.0,5237.12,Debit,San Jose,ATM,Doctor,Medium,Medium,1
27.439999999999998,62.0,164.0,1.0,5950.48,Debit,Boston,ATM,Retired,Low,Medium,2
310.09,36.0,166.0,1.0,9962.5,Debit,Detroit,Branch,Doctor,Medium,Medium,2
80.38,52.0,116.0,1.0,9662.88,Debit,Kansas City,Online,Doctor,Low,Medium,0
26.100000000000023,66.0,115.0,1.0,5243.0,Credit,Detroit,Branch,Doctor,Low,Medium,2
845.14,73.0,183.0,1.0,1702.65,Credit,Oklahoma City,Branch,Retired,High,Low,0
59.72999999999999,27.0,56.0,1.0,800.9300000000003,Debit,Fresno,ATM,Student,Low,Low,2
758.77,60.0,114.0,1.0,7231.47,Debit,San Antonio,ATM,Engineer,High,Medium,1
301.51,22.0,284.0,1.0,1052.31,Debit,Charlotte,ATM,Student,Medium,Low,2
418.03,58.0,161.0,1.0,10721.29,Debit,Austin,,Doctor,Medium,High,2
118.06,32.0,31.0,1.0,13560.63,Credit,Las Vegas,Branch,Doctor,Low,High,0
483.92,70.0,115.0,1.0,3138.0,Debit,New York,ATM,Retired,Medium,Low,0
78.93,38.0,145.0,1.0,9916.24,Debit,Mesa,ATM,Doctor,Low,Medium,0
36.629999999999995,75.0,261.0,1.0,7941.73,Debit,Miami,ATM,Retired,Low,Medium,0
87.85,49.0,63.0,1.0,3753.24,Debit,Colorado Springs,Branch,Engineer,Low,Low,2
705.34,59.0,124.0,1.0,5003.22,Debit,Washington,Online,Doctor,High,Low,1
116.88999999999999,71.0,226.0,1.0,4880.31,Debit,Columbus,Online,Retired,Low,Low,2
106.41,57.0,87.0,1.0,1310.38,Debit,Los Angeles,Branch,Retired,Low,Low,0
584.41,23.0,41.0,1.0,4475.22,Debit,Las Vegas,ATM,Student,Medium,Low,0
584.98,55.0,121.0,1.0,6521.05,Credit,Chicago,Branch,Retired,Medium,Medium,2
79.20999999999998,56.0,140.0,1.0,1615.04,Debit,Colorado Springs,Branch,Retired,Low,Low,2
173.13,20.0,288.0,1.0,1490.3400000000001,Credit,Atlanta,Online,Student,Low,Low,2
335.7,80.0,57.0,1.0,6601.44,Debit,El Paso,ATM,,Medium,Medium,2
422.81,28.0,193.0,1.0,1929.2799999999997,Debit,Los Angeles,Branch,Student,Medium,Low,0
135.43,57.0,92.0,1.0,5315.83,Debit,San Jose,ATM,Retired,Low,Medium,1
584.88,26.0,121.0,1.0,548.4499999999998,Debit,Philadelphia,ATM,Student,Medium,Low,1
308.94,25.0,167.0,1.0,1931.6599999999999,Debit,Los Angeles,Online,Student,Medium,Low,0
295.93,36.0,117.0,1.0,1050.63,Debit,Boston,Branch,Doctor,Low,Low,2
77.44,58.0,268.0,1.0,1950.63,Debit,Washington,Branch,Retired,Low,Low,1
92.5,40.0,70.0,1.0,6295.45,Credit,Seattle,Online,Engineer,Low,Medium,1
97.74000000000001,41.0,137.0,1.0,4113.63,Credit,Los Angeles,Online,Engineer,Low,Low,0
291.68,21.0,90.0,1.0,1451.02,Debit,Columbus,ATM,Student,Low,Low,2
56.96000000000001,22.0,135.0,1.0,1597.85,Debit,Albuquerque,ATM,Student,Low,Low,2
436.8,27.0,92.0,1.0,1256.33,Debit,Seattle,Online,Student,Medium,Low,1
259.49,72.0,292.0,1.0,7320.61,Debit,Austin,Online,Retired,Low,Medium,2
726.26,57.0,147.0,1.0,2150.38,Debit,Omaha,Online,Retired,High,Low,0
568.68,72.0,101.0,1.0,2940.04,Debit,Houston,ATM,Retired,Medium,Low,0
77.57,49.0,225.0,1.0,12801.93,Debit,Atlanta,Online,,Low,High,2
14.160000000000025,74.0,290.0,1.0,5399.76,Credit,Oklahoma City,Branch,Retired,Low,Medium,0
61.329999999999984,27.0,129.0,1.0,7537.4,Debit,Raleigh,ATM,Engineer,Low,Medium,1
27.639999999999986,54.0,23.0,1.0,7498.51,Debit,New York,Online,Engineer,Low,Medium,0
3.8500000000000227,29.0,32.0,1.0,10506.41,Debit,San Jose,ATM,Doctor,Low,High,1
431.22,73.0,129.0,1.0,6505.98,Credit,Austin,Branch,Retired,Medium,Medium,2
178.55,55.0,67.0,1.0,7568.4,Debit,Houston,Branch,Engineer,Low,Medium,0
248.76,18.0,56.0,1.0,546.46,Debit,Denver,ATM,Student,Low,Low,2
76.16,23.0,99.0,1.0,1072.2500000000005,Debit,San Francisco,ATM,Student,Low,Low,1
347.25,69.0,250.0,1.0,7273.55,Debit,Indianapolis,ATM,Doctor,Medium,Medium,0
325.98,19.0,277.0,1.0,782.3500000000004,Debit,Washington,ATM,Student,Medium,Low,1
249.56,76.0,246.0,1.0,4444.95,Debit,New York,Branch,Retired,Low,Low,0
17.430000000000007,56.0,33.0,1.0,10658.88,Debit,Albuquerque,ATM,Doctor,Low,High,2
198.01,26.0,40.0,1.0,250.9300000000003,Credit,Austin,Branch,Student,Low,Low,2
585.58,23.0,55.0,1.0,1729.02,Debit,Raleigh,Branch,Student,Medium,Low,1
434.67,27.0,124.0,1.0,1298.13,Credit,Virginia Beach,Online,Student,Medium,Low,1
510.7,27.0,294.0,1.0,5828.48,Credit,Nashville,Online,Student,Medium,Medium,0
331.98,74.0,12.0,1.0,7600.99,Debit,Denver,ATM,Retired,Medium,Medium,2
199.53999999999996,56.0,268.0,1.0,9603.73,Debit,Portland,Online,Engineer,Low,Medium,1
212.97,59.0,178.0,1.0,4180.4,Debit,Atlanta,Online,Engineer,Low,Low,2
270.56,23.0,139.0,1.0,1268.44,Debit,Philadelphia,Online,Student,Low,Low,1
306.37,26.0,120.0,1.0,9609.67,Debit,Colorado Springs,ATM,Engineer,Medium,Medium,2
643.02,38.0,85.0,1.0,11989.39,Credit,Detroit,ATM,Doctor,High,High,2
98.48000000000002,47.0,12.0,1.0,9538.92,Debit,Miami,Branch,Engineer,Low,Medium,0
889.01,36.0,169.0,1.0,4826.88,Debit,Virginia Beach,Online,Engineer,High,Low,1
537.86,27.0,134.0,1.0,293.0600000000004,Debit,Kansas City,Online,Student,Medium,Low,0
241.18,25.0,162.0,1.0,1445.5299999999997,Debit,Mesa,ATM,Student,Low,Low,0
130.54,64.0,94.0,1.0,11204.62,Debit,Atlanta,ATM,Doctor,Low,High,2
800.29,20.0,84.0,1.0,693.3999999999996,Credit,San Diego,Branch,Student,High,Low,1
8.810000000000002,57.0,165.0,1.0,13523.65,Debit,Dallas,Online,Doctor,Low,High,2
28.519999999999982,20.0,163.0,1.0,662.5100000000002,Debit,Detroit,ATM,Student,Low,Low,2
431.31,23.0,99.0,1.0,342.72999999999956,Credit,Atlanta,Online,Student,Medium,Low,2
885.33,47.0,59.0,1.0,7764.16,Credit,Raleigh,ATM,Engineer,High,Medium,1
199.22999999999996,29.0,54.0,1.0,9834.0,Debit,Tucson,ATM,Engineer,Low,Medium,1
42.25999999999999,44.0,171.0,1.0,268.77000000000044,Debit,Raleigh,ATM,Doctor,Low,Low,1
166.06,30.0,172.0,1.0,5397.68,Debit,Indianapolis,ATM,Engineer,Low,Medium,0
357.72,53.0,25.0,1.0,7659.5,Debit,Miami,ATM,Retired,Medium,Medium,0
588.37,28.0,284.0,1.0,1926.08,Debit,Dallas,Online,Student,Medium,Low,2
72.81999999999996,68.0,127.0,1.0,6911.62,Debit,Houston,Online,Doctor,Low,Medium,0
162.36,36.0,147.0,1.0,7527.04,Debit,Tucson,Online,Engineer,Low,Medium,1
584.82,43.0,109.0,1.0,12071.1,Credit,Nashville,Online,Doctor,Medium,High,0
38.14999999999998,72.0,129.0,1.0,1425.4700000000003,Credit,Oklahoma City,Online,Retired,Low,Low,0
477.54,23.0,52.0,1.0,1598.63,Credit,San Francisco,ATM,Student,Medium,Low,1
639.57,60.0,43.000000000000014,1.0,11726.47,Debit,Philadelphia,Branch,Doctor,High,High,1
58.22999999999999,28.0,34.0,1.0,9189.76,Debit,Phoenix,Online,Student,Low,Medium,1
776.21,78.0,99.0,1.0,4895.87,Credit,Raleigh,Online,Retired,High,Low,1
188.61,67.0,26.0,1.0,7167.57,Debit,Boston,Online,Retired,Low,Medium,2
675.3700000000001,56.0,31.0,1.0,4704.91,Credit,Jacksonville,Online,Retired,High,Low,0
94.81999999999996,67.0,56.0,1.0,1267.7200000000003,Credit,Columbus,Branch,Retired,Low,Low,2
425.18,59.0,135.0,1.0,5790.55,Credit,Fresno,Online,Engineer,Medium,Medium,2
50.28,60.0,65.0,1.0,5729.1,Debit,Oklahoma City,Branch,Engineer,Low,Medium,0
70.68,25.0,105.0,1.0,1478.4099999999999,Debit,El Paso,Online,Student,Low,Low,2
261.77,28.0,46.0,1.0,824.71,Debit,Chicago,Online,Student,Low,Low,2
183.22,27.0,63.0,1.0,1024.4199999999996,Debit,Milwaukee,ATM,Student,Low,Low,0
156.86,51.0,102.0,1.0,14453.35,Debit,Charlotte,ATM,Doctor,Low,High,2
120.67000000000002,42.0,233.0,1.0,5374.54,Debit,Colorado Springs,ATM,Doctor,Low,Medium,2
308.62,59.0,101.0,1.0,9148.08,Credit,Sacramento,Branch,Engineer,Medium,Medium,1
506.81,59.0,41.0,1.0,2757.23,Debit,Milwaukee,ATM,Engineer,Medium,Low,0
328.39,41.0,108.0,1.0,2523.83,Debit,New York,ATM,Engineer,Medium,Low,0
796.3,67.0,64.0,1.0,1498.79,Debit,Austin,Branch,Retired,High,Low,2
72.47,29.0,72.0,1.0,1305.56,Debit,Boston,Online,Doctor,Low,Low,2
279.6,25.0,131.0,1.0,1910.9,Debit,Fort Worth,ATM,Student,Low,Low,2
304.2,25.0,102.0,1.0,423.6400000000003,Debit,Indianapolis,Online,Student,Medium,Low,0
351.38,64.0,21.0,1.0,7606.63,Debit,New York,Branch,Retired,Medium,Medium,0
86.07,31.0,23.0,1.0,842.5599999999995,Debit,Dallas,Branch,Doctor,Low,Low,2
604.5,28.0,80.0,1.0,709.4200000000001,Debit,Portland,ATM,Student,High,Low,1
258.7,27.0,123.0,1.0,1358.37,Debit,Charlotte,ATM,Student,Low,Low,2
11.45999999999998,75.0,64.0,1.0,7258.33,Credit,Austin,Branch,Retired,Low,Medium,2
63.75999999999999,69.0,100.0,1.0,4980.26,Debit,San Antonio,ATM,Retired,Low,Low,1
446.83,55.0,143.0,1.0,1623.5,Credit,Miami,Branch,Retired,Medium,Low,0
63.54000000000002,26.0,136.0,1.0,4401.78,Debit,Dallas,ATM,Engineer,Low,Low,2
81.11000000000001,48.0,110.0,1.0,2051.37,Debit,Charlotte,Online,Engineer,Low,Low,2
170.96,64.0,69.0,1.0,13374.89,Debit,Washington,Branch,Doctor,Low,High,1
48.50999999999999,22.0,69.0,1.0,3363.23,Debit,Austin,Branch,Student,Low,Low,2
325.03,60.0,106.0,1.0,13521.76,Debit,Jacksonville,Branch,Doctor,Medium,High,0
125.82999999999998,57.0,138.0,1.0,6109.86,Debit,Los Angeles,,Retired,Low,Medium,0
506.83,37.0,45.0,1.0,9975.79,Debit,Indianapolis,,Engineer,Medium,Medium,0
738.94,41.0,173.0,1.0,13856.18,Debit,Philadelphia,Branch,Doctor,High,High,1
180.36,33.0,55.0,1.0,9905.23,Credit,Oklahoma City,Online,Engineer,Low,Medium,0
225.1,28.0,35.0,1.0,1547.71,Debit,Boston,ATM,Student,Low,Low,2
359.51,79.0,157.0,1.0,7153.72,Debit,Charlotte,,Retired,Medium,Medium,2
720.46,54.0,44.0,1.0,3101.54,Debit,Tucson,Branch,Retired,High,Low,1
291.46,57.0,135.0,1.0,7142.53,Debit,Miami,ATM,Retired,Low,Medium,0
98.24000000000001,28.0,148.0,1.0,580.6599999999999,Debit,Mesa,Online,Student,Low,Low,0
100.48000000000002,18.0,104.0,1.0,6149.81,Credit,Milwaukee,Branch,Student,Low,Medium,0
45.900000000000006,56.0,264.0,1.0,5698.25,Debit,Columbus,Branch,Engineer,Low,Medium,2
258.21,39.0,225.0,1.0,9562.41,Debit,San Antonio,Online,Doctor,Low,Medium,1
287.51,22.0,255.0,1.0,187.64999999999964,Debit,El Paso,Online,Student,Low,Low,2
501.3,26.0,146.0,1.0,8520.08,Credit,San Antonio,Online,Engineer,Medium,Medium,1
26.100000000000023,27.0,32.0,1.0,1435.7200000000003,Debit,Mesa,ATM,Student,Low,Low,0
436.77,20.0,176.0,1.0,825.6900000000005,Debit,Jacksonville,ATM,Student,Medium,Low,0
292.38,68.0,224.0,1.0,5803.89,,Baltimore,ATM,Doctor,Low,Medium,2
25.29000000000002,50.0,125.0,1.0,5374.69,Debit,Miami,Online,,Low,Medium,0
123.35,31.0,10.0,1.0,6852.16,Credit,Baltimore,Online,Doctor,Low,Medium,2
139.51999999999998,23.0,31.0,1.0,1570.2200000000003,Debit,Portland,Branch,Student,Low,Low,1
51.19999999999999,18.0,83.0,1.0,730.6000000000004,Debit,Tucson,Online,Student,Low,Low,1
161.38,24.0,101.0,1.0,3900.34,Credit,Colorado Springs,Online,Student,Low,Low,2
2.509999999999991,63.0,32.0,1.0,4891.56,Debit,Baltimore,Online,Retired,Low,Low,2
22.620000000000005,64.0,102.0,1.0,7682.0,Debit,Virginia Beach,ATM,Doctor,Low,Medium,1
126.82999999999998,57.0,39.0,1.0,6100.98,Debit,Austin,Branch,Retired,Low,Medium,2
46.599999999999994,55.0,68.0,1.0,1562.9,Debit,Detroit,Online,Doctor,Low,Low,2
243.8,57.0,48.0,1.0,13732.81,Debit,San Francisco,Branch,Doctor,Low,High,1
231.51,60.0,96.0,1.0,5790.7,Credit,Oklahoma City,Branch,Retired,Low,Medium,0
175.05,39.0,34.0,1.0,1447.35,Debit,,Online,Engineer,Low,Low,1
762.74,64.0,244.0,1.0,207.10000000000036,Debit,Los Angeles,ATM,Doctor,High,Low,0
34.02999999999997,57.0,38.0,1.0,3077.2,Debit,Los Angeles,Branch,Engineer,Low,Low,0
15.949999999999989,25.0,52.0,1.0,1983.0,Debit,Raleigh,Branch,Student,Low,Low,1
101.50999999999999,46.0,199.0,1.0,3052.47,Credit,Tucson,Online,Engineer,Low,Low,1
309.42,27.0,42.0,1.0,8564.46,Debit,Fresno,Branch,Engineer,Medium,Medium,2
257.6,59.0,293.0,1.0,7950.74,Credit,Fort Worth,Online,Retired,Low,Medium,2
746.78,21.0,64.0,1.0,1699.81,Credit,,Branch,Student,High,Low,1
82.00999999999999,23.0,156.0,1.0,287.46000000000004,Credit,Sacramento,Branch,Student,Low,Low,1
476.99,23.0,187.0,1.0,1154.48,Debit,San Diego,Online,Student,Medium,Low,1
320.11,23.0,130.0,1.0,4076.48,Debit,El Paso,Branch,Student,Medium,Low,2
333.39,68.0,35.0,1.0,10628.59,Debit,Philadelphia,ATM,Doctor,Medium,High,1
10.300000000000011,47.0,197.0,1.0,7801.32,Debit,Fresno,ATM,Engineer,Low,Medium,2
416.55,33.0,73.0,1.0,922.96,Debit,Oklahoma City,Online,Engineer,Medium,Low,0
98.94999999999999,75.0,73.0,1.0,5670.82,Debit,Mesa,Branch,Retired,Low,Medium,0
18.139999999999986,58.0,48.0,1.0,6020.85,Credit,Milwaukee,ATM,Retired,Low,Medium,0
215.13,46.0,114.0,1.0,3956.69,Debit,Charlotte,Online,Engineer,Low,Low,2
218.57,62.0,102.0,1.0,13869.86,Credit,Memphis,Branch,Doctor,Low,High,0
341.88,43.0,89.0,1.0,4159.52,Debit,Austin,ATM,Engineer,Medium,Low,2
691.92,19.0,61.00000000000001,1.0,1084.6499999999996,Debit,Boston,Online,Student,High,Low,2
50.43000000000001,32.0,51.0,1.0,9794.26,Debit,San Jose,Branch,Doctor,Low,Medium,1
440.43,78.0,23.0,1.0,5123.24,Debit,Colorado Springs,Branch,Retired,Medium,Medium,2
299.03,39.0,52.0,1.0,1381.2799999999997,Debit,Columbus,Branch,Engineer,Low,Low,2
1.9800000000000182,66.0,170.0,1.0,11619.1,Debit,Seattle,ATM,Doctor,Low,High,1
173.45,31.0,161.0,1.0,9077.62,Debit,Philadelphia,ATM,Engineer,Low,Medium,1
438.76,22.0,73.0,1.0,1824.19,Debit,San Antonio,Branch,Student,Medium,Low,1
519.62,71.0,40.0,1.0,4159.33,Credit,Washington,Online,Retired,Medium,Low,1
738.68,50.0,124.0,1.0,14352.33,Debit,Chicago,Online,Doctor,High,High,2
151.14,64.0,38.0,1.0,2156.54,Debit,Memphis,Online,Retired,Low,Low,0
75.76999999999998,51.0,148.0,1.0,8361.7,Debit,Charlotte,Branch,Engineer,Low,Medium,2
444.52,27.0,17.0,1.0,5424.6,Debit,Louisville,Online,Engineer,Medium,Medium,0
5.2900000000000205,52.0,276.0,1.0,11263.89,Debit,Indianapolis,Online,Doctor,Low,High,0
97.63,48.0,127.0,1.0,12467.31,Credit,Milwaukee,Online,Doctor,Low,High,0
256.95,26.0,71.0,1.0,2531.24,Debit,San Diego,Branch,Engineer,Low,Low,1
734.86,48.0,290.0,1.0,6242.03,Credit,Boston,Branch,Engineer,High,Medium,2
84.28,39.0,142.0,1.0,13586.06,Debit,Memphis,Branch,Doctor,Low,High,0
202.49,48.0,69.0,1.0,7447.1,Credit,Virginia Beach,ATM,Engineer,Low,Medium,1
154.99,25.0,53.0,1.0,1419.31,Debit,Mesa,Branch,Student,Low,Low,0
481.53,58.0,277.0,1.0,6142.54,Debit,Atlanta,Branch,Retired,Medium,Medium,2
172.92,20.0,212.0,1.0,416.3699999999999,Debit,Miami,Online,Student,Low,Low,0
275.59,53.0,238.0,1.0,6313.22,Credit,Philadelphia,Branch,Retired,Low,Medium,1
207.2,60.0,133.0,1.0,8092.94,Debit,Columbus,Online,Engineer,Low,Medium,2
136.82,31.0,13.999999999999986,1.0,6229.13,Debit,Chicago,Branch,Engineer,Low,Medium,2
26.30000000000001,32.0,33.0,1.0,7473.73,Debit,Virginia Beach,ATM,Doctor,Low,Medium,1
319.5,29.0,69.0,1.0,2366.3,Credit,Virginia Beach,Branch,Engineer,Medium,Low,1
182.42,51.0,137.0,1.0,3051.29,Debit,Kansas City,Branch,Retired,Low,Low,0
716.62,44.0,241.0,1.0,6987.4,Debit,Atlanta,ATM,Doctor,High,Medium,2
222.96,65.0,150.0,1.0,7370.41,Credit,Fresno,ATM,Doctor,Low,Medium,2
79.76999999999998,68.0,167.0,1.0,5010.31,Debit,San Francisco,ATM,Retired,Low,Low,1
592.24,52.0,140.0,1.0,9817.05,Debit,Tucson,ATM,Doctor,Medium,Medium,1
200.19,52.0,108.0,1.0,4389.96,Credit,San Antonio,Branch,Retired,Low,Low,1
297.5,73.0,80.0,1.0,6768.14,Credit,Kansas City,Branch,Retired,Low,Medium,0
345.86,51.0,145.0,1.0,1504.6400000000003,,Omaha,ATM,Retired,Medium,Low,0
343.88,63.0,97.0,1.0,6486.18,Debit,Nashville,Online,Retired,Medium,Medium,0
16.519999999999982,25.0,135.0,1.0,835.5299999999997,Credit,Boston,Online,Student,Low,Low,2
162.1,41.0,151.0,1.0,8576.65,Debit,Milwaukee,Branch,Engineer,Low,Medium,0
36.120000000000005,22.0,234.0,1.0,1593.0299999999997,Debit,Houston,Online,Student,Low,Low,0
354.91,74.0,191.0,1.0,3872.55,Debit,Boston,ATM,Retired,Medium,Low,2
38.40999999999997,40.0,117.0,1.0,9129.68,Debit,Denver,ATM,Doctor,Low,Medium,2
53.52000000000001,49.0,55.0,1.0,2227.49,Debit,San Diego,Branch,Engineer,Low,Low,1
13.300000000000011,23.0,63.0,1.0,213.0,Debit,San Antonio,ATM,Student,Low,Low,1
189.65,21.0,60.0,1.0,8457.09,Debit,Charlotte,ATM,Student,Low,Medium,2
255.32,80.0,27.0,1.0,6290.62,Debit,Baltimore,ATM,Retired,Low,Medium,2
230.51,51.0,56.0,1.0,9522.37,Credit,Memphis,Branch,Engineer,Low,Medium,0
237.74,61.0,152.0,1.0,11795.12,Debit,Tucson,ATM,Doctor,Low,High,1
512.76,52.0,26.0,1.0,5121.36,Debit,Fresno,ATM,Doctor,Medium,Medium,2
151.37,54.0,53.0,1.0,8356.08,Debit,Baltimore,ATM,Engineer,Low,Medium,2
85.00999999999999,25.0,157.0,1.0,1299.4,Credit,Portland,ATM,Student,Low,Low,1
444.47,57.0,61.00000000000001,1.0,6062.94,Debit,San Jose,Online,Retired,Medium,Medium,1
55.97999999999999,24.0,87.0,1.0,7047.04,Credit,Kansas City,Branch,Student,Low,Medium,0
54.91,41.0,275.0,1.0,7927.27,Credit,Columbus,ATM,Engineer,Low,Medium,2
393.74,26.0,90.0,1.0,1769.06,Debit,Charlotte,Online,Student,Medium,Low,2
58.94,30.0,26.0,1.0,4575.98,Debit,Miami,Online,Engineer,Low,Low,0
515.57,27.0,56.0,1.0,9269.67,Debit,Columbus,ATM,Engineer,Medium,Medium,2
332.15,59.0,105.0,1.0,9749.46,Debit,Dallas,ATM,Doctor,Medium,Medium,2
177.94,19.0,173.0,1.0,123.23999999999978,Debit,Milwaukee,Online,Student,Low,Low,0
68.68,49.0,141.0,1.0,4718.51,Debit,Sacramento,,Engineer,Low,Low,1
240.03,33.0,31.0,1.0,7807.73,Debit,Atlanta,Online,Engineer,Low,Medium,2
168.34,64.0,240.0,1.0,7483.01,Debit,Phoenix,ATM,Retired,Low,Medium,1
474.77,46.0,284.0,1.0,8494.53,Debit,Boston,Online,Engineer,Medium,Medium,2
451.7,29.0,103.0,1.0,8994.67,Debit,Chicago,Online,Engineer,Medium,Medium,2
243.85,39.0,43.000000000000014,1.0,4576.78,Debit,Omaha,Branch,Engineer,Low,Low,0
5.759999999999991,38.0,164.0,1.0,5859.79,Debit,Houston,Branch,,Low,Medium,0
435.08,55.0,78.0,1.0,2103.41,Debit,San Francisco,Online,Engineer,Medium,Low,1
127.78,20.0,170.0,1.0,1046.6599999999994,Debit,Miami,ATM,Student,Low,Low,0
23.139999999999986,47.0,93.0,1.0,10536.54,Credit,Mesa,Online,Doctor,Low,High,0
545.87,27.0,41.0,1.0,4860.01,Debit,Miami,Branch,Engineer,Medium,Low,0
21.20999999999998,55.0,37.0,1.0,9575.42,Debit,Nashville,Online,Engineer,Low,Medium,0
423.53,50.0,81.0,1.0,5453.4,Credit,Kansas City,Branch,Doctor,Medium,Medium,0
142.1,18.0,109.0,1.0,1545.6400000000003,Credit,San Francisco,Online,,Low,Low,1
114.15,19.0,52.0,1.0,1612.4,Debit,Atlanta,ATM,Student,Low,Low,2
275.98,72.0,67.0,1.0,6151.05,Credit,Washington,Online,Retired,Low,Medium,1
590.68,27.0,23.0,1.0,852.1999999999998,Debit,Washington,Branch,Student,Medium,Low,1
152.42,42.0,176.0,1.0,9141.79,Debit,San Jose,ATM,Doctor,Low,Medium,1
395.77,43.0,118.0,1.0,6425.99,Credit,El Paso,Branch,Doctor,Medium,Medium,2
615.16,26.0,140.0,1.0,214.60999999999967,Debit,Boston,Online,Student,High,Low,2
207.82,19.0,30.0,1.0,229.02000000000044,Credit,Las Vegas,Online,Student,Low,Low,0
220.52,57.0,152.0,1.0,1793.0900000000001,Debit,Seattle,ATM,Retired,Low,Low,1
281.47,34.0,142.0,1.0,4437.48,Debit,Philadelphia,ATM,Engineer,Low,Low,1
57.91,58.0,97.0,1.0,3641.06,Credit,Sacramento,Branch,Engineer,Low,Low,1
30.480000000000018,32.0,78.0,1.0,11481.85,Credit,Seattle,Branch,Doctor,Low,High,1
424.47,22.0,116.0,1.0,5491.55,Debit,Oklahoma City,Online,Student,Medium,Medium,0
228.4,67.0,116.0,1.0,9598.43,Debit,Omaha,ATM,Doctor,Low,Medium,0
67.17000000000002,63.0,48.0,1.0,14410.44,Debit,Seattle,Online,Doctor,Low,High,1
284.89,53.0,115.0,1.0,9738.6,Debit,Atlanta,Online,Doctor,Low,Medium,2
118.69,33.0,296.0,1.0,749.3400000000001,Debit,Omaha,Online,Doctor,Low,Low,0
221.33,27.0,276.0,1.0,1185.4300000000007,Debit,Louisville,ATM,Student,Low,Low,0
252.31,26.0,172.0,1.0,1584.6,Credit,Seattle,ATM,Student,Low,Low,1
58.849999999999994,71.0,115.0,1.0,1789.8000000000002,Credit,Milwaukee,Online,Retired,Low,Low,0
194.68,32.0,165.0,1.0,14494.18,Debit,Memphis,Online,Doctor,Low,High,0
433.53,38.0,231.0,1.0,6368.32,Debit,Philadelphia,Branch,Doctor,Medium,Medium,1
178.26,59.0,59.0,1.0,1137.1299999999997,Debit,Oklahoma City,ATM,Retired,Low,Low,0
237.0,49.0,115.0,1.0,14021.4,Debit,Tucson,Online,Doctor,Low,High,1
347.63,25.0,272.0,1.0,1400.04,Credit,Chicago,Online,Student,Medium,Low,2
517.68,31.0,24.0,1.0,11305.81,Debit,Omaha,ATM,Doctor,Medium,High,0
36.25,52.0,76.0,1.0,193.0600000000004,Debit,Tucson,Branch,Doctor,Low,Low,1
46.53000000000003,42.0,34.0,1.0,4468.12,Debit,San Francisco,ATM,Engineer,Low,Low,1
207.47,53.0,12.0,1.0,1688.9,Debit,Miami,ATM,Doctor,Low,Low,0
199.7,43.0,285.0,1.0,7574.45,Debit,Indianapolis,ATM,Engineer,Low,Medium,0
307.89,62.0,90.0,1.0,2637.55,Credit,Nashville,Online,Retired,Medium,Low,0
20.060000000000002,27.0,144.0,1.0,445.21000000000004,Debit,Memphis,ATM,Student,Low,Low,0
236.57,79.0,112.0,1.0,3488.77,Debit,Sacramento,ATM,Retired,Low,Low,1
0.32000000000005,39.0,136.0,1.0,7158.58,Debit,Boston,ATM,Engineer,Low,Medium,2
14.279999999999973,23.0,81.0,1.0,1597.5100000000002,Debit,Phoenix,ATM,Student,Low,Low,1
232.35,33.0,153.0,1.0,4186.25,Credit,Atlanta,Branch,Engineer,Low,Low,2
317.53,44.0,104.0,1.0,6237.68,Debit,Miami,Online,Engineer,Medium,Medium,0
74.67000000000002,43.0,283.0,1.0,3449.35,Debit,Indianapolis,ATM,Engineer,Low,Low,0
65.00999999999999,29.0,67.0,1.0,10235.19,Credit,Austin,Online,Doctor,Low,High,2
0.44999999999998863,34.0,172.0,1.0,8670.23,Debit,Kansas City,Branch,Engineer,Low,Medium,0
364.13,63.0,61.00000000000001,1.0,8198.0,Debit,Fort Worth,ATM,Doctor,Medium,Medium,2
222.66,39.0,88.0,1.0,14466.38,Debit,Detroit,Online,Doctor,Low,High,2
638.24,48.0,64.0,1.0,5695.78,Debit,Phoenix,Branch,Engineer,High,Medium,1
241.21,31.0,108.0,1.0,1220.8599999999997,Debit,Omaha,ATM,Engineer,Low,Low,0
171.16,51.0,42.0,1.0,6126.5,Debit,New York,Online,Retired,Low,Medium,0
37.64999999999998,27.0,109.0,1.0,411.77999999999975,Credit,San Jose,Online,Student,Low,Low,1
25.769999999999982,68.0,18.0,1.0,4331.54,Debit,Memphis,Online,Retired,Low,Low,0
789.8,40.0,94.0,1.0,13948.09,Debit,Jacksonville,ATM,Doctor,High,High,0
806.97,25.0,11.0,1.0,102.19999999999982,Debit,Seattle,Online,Student,High,Low,1
364.81,25.0,53.0,1.0,1145.2299999999996,Debit,Charlotte,Online,Student,Medium,Low,2
490.82,26.0,114.0,1.0,8704.27,Debit,Kansas City,ATM,Engineer,Medium,Medium,0
311.28,49.0,198.0,1.0,135.96000000000004,Debit,Atlanta,Branch,Doctor,Medium,Low,2
85.03,51.0,48.0,1.0,4597.57,Debit,San Diego,ATM,Retired,Low,Low,1
307.75,64.0,63.0,1.0,1061.58,Debit,Detroit,Branch,Doctor,Medium,Low,2
333.67,36.0,68.0,1.0,9238.08,Debit,Fort Worth,Online,Engineer,Medium,Medium,2
372.08,66.0,63.0,1.0,13330.74,Debit,Houston,Branch,Doctor,Medium,High,0
502.9,26.0,141.0,1.0,341.2399999999998,Credit,Fresno,Online,Student,Medium,Low,2
103.81,36.0,34.0,1.0,7044.63,Debit,Oklahoma City,ATM,Doctor,Low,Medium,0
69.43,30.0,162.0,1.0,9281.85,Debit,Las Vegas,ATM,Engineer,Low,Medium,0
110.4,56.0,62.0,1.0,8639.36,Credit,San Diego,ATM,Doctor,Low,Medium,1
275.65,28.0,13.999999999999986,1.0,4957.57,Credit,Atlanta,Branch,Engineer,Low,Low,2
251.8,62.0,102.0,1.0,11796.66,Debit,Mesa,ATM,Doctor,Low,High,0
334.07,59.0,200.0,1.0,7306.79,Debit,New York,Branch,Engineer,Medium,Medium,0
52.44,27.0,87.0,1.0,3157.75,Debit,Raleigh,Online,Student,Low,Low,1
141.37,46.0,77.0,1.0,1019.7700000000004,Debit,Denver,Online,Engineer,Low,Low,2
211.7,50.0,205.0,1.0,12272.78,Credit,Chicago,Online,Doctor,Low,High,2
308.23,60.0,23.0,1.0,4150.63,Debit,Las Vegas,ATM,Retired,Medium,Low,0
111.41,21.0,181.0,1.0,1204.1099999999997,Debit,Chicago,Branch,Student,Low,Low,2
675.49,61.0,159.0,1.0,1893.0,Debit,Charlotte,ATM,Retired,High,Low,2
29.720000000000027,26.0,38.0,1.0,1059.62,Debit,San Antonio,ATM,Student,Low,Low,1
301.73,67.0,163.0,1.0,990.7399999999998,Debit,Tucson,Online,Doctor,Medium,Low,1
294.61,60.0,74.0,1.0,7375.59,Debit,Omaha,Branch,Retired,Low,Medium,0
106.43000000000004,52.0,164.0,1.0,9403.12,Credit,Phoenix,ATM,Engineer,Low,Medium,1
381.52,36.0,79.0,1.0,5798.92,Debit,Seattle,Online,Doctor,Medium,Medium,1
5.660000000000025,40.0,33.0,1.0,5434.64,Debit,Fresno,Branch,Engineer,Low,Medium,2
209.09,48.0,203.0,1.0,9100.81,Debit,Virginia Beach,ATM,Doctor,Low,Medium,1
521.81,47.0,34.0,1.0,4750.96,Debit,Virginia Beach,ATM,Engineer,Medium,Low,1
588.36,33.0,134.0,1.0,8434.99,Debit,Charlotte,Online,Engineer,Medium,Medium,2
146.67,20.0,273.0,1.0,1569.75,Debit,Albuquerque,Online,Student,Low,Low,2
57.34,27.0,81.0,1.0,1100.6400000000003,Debit,Atlanta,Online,Student,Low,Low,2
294.77,77.0,101.0,1.0,2272.17,Debit,Philadelphia,Online,Retired,Low,Low,1
881.32,31.0,59.0,1.0,2287.93,,El Paso,Online,Engineer,High,Low,2
162.59,64.0,19.0,1.0,7104.83,Debit,Indianapolis,Branch,Retired,Low,Medium,0
56.150000000000006,31.0,77.0,1.0,13265.920000000002,Debit,Nashville,Branch,Doctor,Low,High,0
524.55,39.0,175.0,1.0,8292.75,Debit,El Paso,ATM,Doctor,Medium,Medium,2
535.4,23.0,110.0,1.0,651.8400000000001,Debit,San Diego,Branch,Student,Medium,Low,1
56.84,45.0,185.0,1.0,7977.78,Debit,Raleigh,ATM,Engineer,Low,Medium,1
135.94,71.0,258.0,1.0,4710.21,Debit,Houston,Branch,Retired,Low,Low,0
47.099999999999994,42.0,178.0,1.0,6308.07,Credit,Washington,Branch,Doctor,Low,Medium,1
124.05000000000001,61.0,220.0,1.0,7009.54,Credit,Albuquerque,Branch,Doctor,Low,Medium,2
802.89,19.0,175.0,1.0,1973.63,Debit,Chicago,ATM,Student,High,Low,2
193.16,64.0,109.0,1.0,2304.56,Debit,Charlotte,ATM,Retired,Low,Low,2
541.52,48.0,161.0,1.0,6087.24,Credit,Indianapolis,Branch,Engineer,Medium,Medium,0
20.170000000000016,77.0,86.0,1.0,3869.37,Debit,San Antonio,ATM,Retired,Low,Low,1
35.98000000000002,40.0,133.0,1.0,11147.34,Credit,Nashville,Branch,Doctor,Low,High,0
273.24,51.0,173.0,1.0,2202.21,Debit,Fresno,Branch,Retired,Low,Low,2
663.45,67.0,147.0,1.0,5897.29,Debit,Albuquerque,ATM,Retired,High,Medium,2
343.86,57.0,70.0,1.0,3278.65,Debit,Charlotte,Branch,Engineer,Medium,Low,2
75.43,77.0,266.0,1.0,1441.8599999999997,Debit,Fresno,ATM,Retired,Low,Low,2
414.64,32.0,74.0,1.0,7253.22,,Mesa,Branch,Doctor,Medium,Medium,0
86.79000000000002,33.0,166.0,1.0,8795.37,Debit,Fort Worth,Branch,Doctor,Low,Medium,2
14.100000000000023,45.0,73.0,1.0,6949.21,Debit,Louisville,Branch,Engineer,Low,Medium,0
63.329999999999956,23.0,124.0,1.0,792.3299999999999,Credit,Louisville,Branch,Student,Low,Low,0
606.27,29.0,42.0,1.0,9668.78,Debit,Louisville,Branch,Doctor,High,Medium,0
4.470000000000027,27.0,132.0,1.0,1381.75,Debit,Baltimore,Branch,Student,Low,Low,2
289.01,66.0,96.0,1.0,4226.26,Debit,Miami,Online,Retired,Low,Low,0
338.69,18.0,169.0,1.0,1137.8899999999999,Debit,Virginia Beach,Branch,Student,Medium,Low,1
97.73000000000002,69.0,156.0,1.0,7885.21,Debit,Sacramento,Branch,Doctor,Low,Medium,1
27.610000000000014,54.0,26.0,1.0,3679.64,Credit,Fort Worth,ATM,Retired,Low,Low,2
284.17,51.0,189.0,1.0,3479.56,Debit,Memphis,ATM,Retired,Low,Low,0
76.20999999999998,22.0,69.0,1.0,664.9300000000003,Debit,Los Angeles,Branch,Student,Low,Low,0
584.51,74.0,76.0,1.0,3254.56,Debit,Denver,ATM,Retired,Medium,Low,2
432.18,18.0,162.0,1.0,678.8299999999999,Debit,Las Vegas,Branch,Student,Medium,Low,0
134.55,59.0,165.0,1.0,14852.42,Debit,San Jose,Online,Doctor,Low,High,1
61.66,26.0,86.0,1.0,5705.4,Debit,Sacramento,ATM,Student,Low,Medium,1
12.350000000000023,25.0,22.0,1.0,1846.85,Debit,Fresno,Branch,Student,Low,Low,2
213.25,25.0,63.0,1.0,677.79,Debit,San Francisco,Branch,Student,Low,Low,1
34.93000000000001,31.0,72.0,1.0,2810.37,Debit,Columbus,Branch,Engineer,Low,Low,2
335.68,24.0,142.0,1.0,1188.9500000000003,Debit,Tucson,Online,Student,Medium,Low,1
423.96,43.0,75.0,1.0,8374.38,Debit,San Diego,ATM,Doctor,Medium,Medium,1
220.82,42.0,31.0,1.0,4298.13,Debit,Louisville,Branch,Engineer,Low,Low,0
717.36,22.0,138.0,1.0,514.8800000000001,Credit,,Online,Student,High,Low,1
406.12,42.0,106.0,1.0,10501.53,Debit,Houston,ATM,Doctor,Medium,High,0
427.83,47.0,29.000000000000014,1.0,3293.06,Debit,Phoenix,ATM,Engineer,Medium,Low,1
416.62,26.0,67.0,1.0,9700.9,Credit,Baltimore,Online,Student,Medium,Medium,2
21.899999999999977,28.0,30.0,1.0,1052.2700000000004,Debit,Phoenix,ATM,Student,Low,Low,1
393.68,55.0,141.0,1.0,10135.88,Debit,San Diego,ATM,Doctor,Medium,High,1
281.91,25.0,269.0,1.0,225.52999999999975,Debit,Denver,Branch,Student,Low,Low,2
239.85,70.0,50.0,1.0,1477.63,Debit,Tucson,ATM,Retired,Low,Low,1
237.84,26.0,16.0,1.0,8932.39,Debit,Nashville,Branch,Student,Low,Medium,0
459.29,64.0,109.0,1.0,1006.1199999999999,Credit,Kansas City,Online,Retired,Medium,Low,0
196.49,41.0,65.0,1.0,7516.56,Debit,Oklahoma City,Branch,Engineer,Low,Medium,0
344.87,58.0,25.0,1.0,7447.44,Debit,Houston,Branch,Retired,Medium,Medium,0
129.62000000000003,23.0,124.0,1.0,620.2799999999997,Credit,San Jose,ATM,Student,Low,Low,1
16.529999999999973,21.0,220.0,1.0,707.9499999999998,Debit,Houston,ATM,Student,Low,Low,0
277.02,46.0,227.0,1.0,8586.38,Credit,Denver,ATM,Doctor,Low,Medium,2
13.019999999999982,51.0,42.0,1.0,6076.45,Debit,Charlotte,Branch,Doctor,Low,Medium,2
199.02,22.0,185.0,1.0,793.6300000000001,Debit,Memphis,ATM,Student,Low,Low,0
684.5,29.0,76.0,1.0,6258.63,Debit,Fort Worth,Branch,Doctor,High,Medium,2
45.920000000000016,26.0,23.0,1.0,544.5599999999995,Debit,Nashville,ATM,Student,Low,Low,0
761.73,19.0,27.0,1.0,151.27999999999975,Debit,Columbus,ATM,Student,High,Low,2
331.38,42.0,122.0,1.0,844.5500000000002,Debit,Miami,ATM,Engineer,Medium,Low,0
602.8,60.0,173.0,1.0,7417.69,Debit,Baltimore,Branch,Retired,High,Medium,2
64.12,57.0,222.0,1.0,1029.0900000000006,Credit,Indianapolis,Branch,Doctor,Low,Low,0
57.379999999999995,28.0,86.0,1.0,899.5200000000004,Debit,Kansas City,Online,Student,Low,Low,0
94.64000000000001,28.0,144.0,1.0,586.7600000000002,Credit,New York,ATM,Student,Low,Low,0
155.56,19.0,64.0,1.0,129.78999999999996,Credit,Austin,Branch,Student,Low,Low,2
301.39,47.0,104.0,1.0,10548.58,Credit,Denver,Online,Doctor,Medium,High,2
136.31,74.0,65.0,1.0,4384.95,Debit,Nashville,Online,Retired,Low,Low,0
4.389999999999986,26.0,63.0,1.0,1429.6099999999997,Debit,Philadelphia,ATM,Student,Low,Low,1
429.25,29.0,107.0,1.0,5019.68,Debit,Seattle,Online,Engineer,Medium,Low,1
138.54,60.0,93.0,1.0,8274.77,Credit,Austin,Branch,Engineer,Low,Medium,2
33.02999999999997,21.0,27.999999999999986,1.0,935.8800000000001,Debit,Washington,Branch,Student,Low,Low,1
76.38999999999999,30.0,80.0,1.0,11584.32,Debit,Sacramento,Online,Doctor,Low,High,1
25.319999999999993,19.0,25.0,1.0,1642.3400000000001,Debit,Oklahoma City,ATM,Student,Low,Low,0
330.91,36.0,27.999999999999986,1.0,6481.35,Debit,Kansas City,ATM,Engineer,Medium,Medium,0
153.55,37.0,16.0,1.0,5619.91,Debit,Denver,Online,Doctor,Low,Medium,2
217.61,27.0,120.0,1.0,1661.1,Debit,Omaha,Online,Student,Low,Low,0
131.69,53.0,59.0,1.0,2958.43,Credit,Denver,Branch,Engineer,Low,Low,2
68.49000000000001,67.0,49.0,1.0,6683.31,Debit,Nashville,Online,Retired,Low,Medium,0
470.62,57.0,127.0,1.0,12470.62,Debit,Tucson,Branch,Doctor,Medium,High,1
385.35,38.0,269.0,1.0,5184.13,Debit,Miami,Branch,Doctor,Medium,Medium,0
74.72,26.0,132.0,1.0,165.75,Debit,Phoenix,Online,Student,Low,Low,1
352.03,27.0,219.0,1.0,4846.68,Credit,Phoenix,Online,Student,Medium,Low,1
275.87,25.0,112.0,1.0,1697.58,Debit,Seattle,ATM,Student,Low,Low,1
90.94,63.0,56.0,1.0,3896.08,Credit,Colorado Springs,ATM,Retired,Low,Low,2
206.25,74.0,56.0,1.0,3651.07,Debit,Baltimore,ATM,Retired,Low,Low,2
116.75999999999999,51.0,212.0,1.0,4480.43,Debit,Philadelphia,ATM,Engineer,Low,Low,1
91.5,47.0,77.0,1.0,667.6599999999999,Debit,Omaha,ATM,Doctor,Low,Low,0
489.31,43.0,36.0,1.0,5595.22,Debit,Louisville,Branch,Engineer,Medium,Medium,0
414.49,58.0,108.0,1.0,12709.58,Credit,Phoenix,Online,Doctor,Medium,High,1
315.13,30.0,143.0,1.0,6570.94,Debit,Omaha,Branch,Engineer,Medium,Medium,0
28.379999999999995,45.0,260.0,1.0,8892.62,Debit,Tucson,Branch,Doctor,Low,Medium,1
456.05,68.0,20.0,1.0,11729.51,Debit,Detroit,Branch,Doctor,Medium,High,2
277.22,35.0,41.0,1.0,12104.51,Debit,Kansas City,Branch,Doctor,Low,High,0
54.84,52.0,124.0,1.0,3495.51,Debit,Kansas City,Online,Retired,Low,Low,0
29.920000000000016,68.0,63.0,1.0,7855.01,Credit,Denver,Online,Doctor,Low,Medium,2
133.06,35.0,143.0,1.0,8843.44,Debit,Las Vegas,Online,Engineer,Low,Medium,0
14.339999999999975,67.0,24.0,1.0,7932.51,Credit,Memphis,Online,Retired,Low,Medium,0
468.32,69.0,152.0,1.0,4710.04,Debit,Fresno,Online,Retired,Medium,Low,2
245.62,23.0,127.0,1.0,1879.8199999999997,Debit,San Antonio,Branch,Student,Low,Low,1
83.59999999999997,47.0,192.0,1.0,13899.24,Debit,San Jose,ATM,Doctor,Low,High,1
331.22,61.0,161.0,1.0,12613.25,Credit,Oklahoma City,Branch,Doctor,Medium,High,0
57.49000000000001,24.0,177.0,1.0,765.1499999999996,Credit,Detroit,Online,Student,Low,Low,2
157.56,43.0,159.0,1.0,7541.16,Debit,Indianapolis,Branch,Doctor,Low,Medium,0
230.3,46.0,24.0,1.0,8356.88,Debit,Colorado Springs,Online,Engineer,Low,Medium,2
305.92,72.0,88.0,1.0,1445.4700000000003,Debit,El Paso,ATM,Retired,Medium,Low,2
116.32999999999998,27.0,144.0,1.0,1696.15,Debit,Fresno,Branch,Student,Low,Low,2
537.71,19.0,175.0,1.0,1806.08,Credit,Mesa,Online,Student,Medium,Low,0
538.17,27.0,252.0,1.0,5908.04,Credit,Washington,Branch,Engineer,Medium,Medium,1
219.44,42.0,23.0,1.0,4207.27,Debit,Washington,Online,Engineer,Low,Low,1
61.620000000000005,57.0,19.0,1.0,8365.37,Debit,Miami,Online,Doctor,Low,Medium,0
58.77000000000001,27.0,191.0,1.0,7261.7,Debit,Memphis,Online,Engineer,Low,Medium,0
538.13,62.0,165.0,1.0,5008.59,Debit,,ATM,Retired,Medium,Low,1
177.05,24.0,235.0,1.0,4287.82,Debit,Philadelphia,Branch,Student,Low,Low,1
719.76,19.0,190.0,1.0,690.5200000000004,Debit,San Francisco,Branch,Student,High,Low,1
163.22,26.0,217.0,1.0,1788.27,Debit,Miami,Online,Student,Low,Low,0
242.85,42.0,93.0,1.0,4672.8,Debit,,Online,Engineer,Low,Low,1
291.22,41.0,100.0,1.0,3677.63,Credit,Baltimore,Online,Engineer,Low,Low,2
56.52000000000001,42.0,152.0,1.0,6911.2,Debit,Omaha,ATM,Engineer,Low,Medium,0
195.8,39.0,186.0,1.0,12027.68,Debit,Raleigh,Online,Doctor,Low,High,1
66.75999999999999,36.0,44.0,1.0,184.72000000000025,Credit,Austin,Branch,Doctor,Low,Low,2
190.9,28.0,40.0,1.0,101.25,Debit,,Online,Student,Low,Low,1
106.99000000000001,38.0,152.0,1.0,5771.4,Debit,Omaha,Branch,Engineer,Low,Medium,0
107.09999999999997,25.0,175.0,1.0,193.80000000000018,Credit,Philadelphia,Online,Student,Low,Low,1
430.83,18.0,292.0,1.0,941.4899999999998,Debit,Los Angeles,Branch,Student,Medium,Low,0
235.34,26.0,68.0,1.0,566.8299999999999,Debit,Washington,Branch,Student,Low,Low,1
86.35,52.0,24.0,1.0,1550.48,Credit,Indianapolis,Branch,Retired,Low,Low,0
337.99,70.0,115.0,1.0,9038.63,Debit,Colorado Springs,ATM,Doctor,Medium,Medium,2
577.13,40.0,66.0,1.0,6640.51,Credit,San Jose,Branch,Engineer,Medium,Medium,1
213.33,52.0,161.0,1.0,5400.44,Debit,Omaha,ATM,Retired,Low,Medium,0
54.52000000000004,32.0,164.0,1.0,6980.98,Debit,Indianapolis,Branch,Doctor,Low,Medium,0
883.92,53.0,129.0,1.0,2342.64,Credit,Tucson,Online,Retired,High,Low,1
69.80000000000001,27.0,138.0,1.0,136.77000000000044,Credit,New York,Branch,Student,Low,Low,0
768.94,64.0,53.0,1.0,6860.18,Debit,Indianapolis,Branch,Retired,High,Medium,0
179.62,24.0,119.0,1.0,409.2600000000002,Debit,Tucson,Online,Student,Low,Low,1
425.91,23.0,47.0,1.0,383.5799999999999,Debit,Jacksonville,ATM,Student,Medium,Low,0
263.34,64.0,55.0,1.0,2411.02,Debit,Denver,ATM,Retired,Low,Low,2
113.03,36.0,12.0,1.0,6756.13,Credit,Tucson,Online,Doctor,Low,Medium,1
11.019999999999982,42.0,42.0,1.0,7879.66,Debit,Austin,Online,Doctor,Low,Medium,2
865.17,24.0,161.0,1.0,9297.5,Debit,Houston,Branch,Student,High,Medium,0
152.0,51.0,63.0,1.0,7531.43,Debit,Albuquerque,ATM,Engineer,Low,Medium,2
270.39,25.0,104.0,1.0,899.1499999999996,Debit,Jacksonville,ATM,Student,Low,Low,0
246.41,54.0,23.0,1.0,1431.6,Debit,Detroit,ATM,Retired,Low,Low,2
336.84,22.0,100.0,1.0,4500.26,Debit,,ATM,Student,Medium,Low,1
261.45,50.0,96.0,1.0,6735.74,Credit,Oklahoma City,Online,Engineer,Low,Medium,0
99.98000000000002,73.0,152.0,1.0,3037.97,Credit,Washington,Online,Retired,Low,Low,1
400.69,32.0,26.0,1.0,9040.33,Debit,Las Vegas,Online,Engineer,Medium,Medium,0
411.47,26.0,120.0,1.0,796.6300000000001,Debit,Fort Worth,ATM,Student,Medium,Low,2
204.63,52.0,92.0,1.0,9199.52,Debit,Las Vegas,Online,Engineer,Low,Medium,0
421.56,53.0,144.0,1.0,8037.87,Debit,San Jose,Online,Engineer,Medium,Medium,1
193.38,18.0,285.0,1.0,1081.79,Debit,Memphis,ATM,Student,Low,Low,0
377.04,34.0,64.0,1.0,3812.87,Debit,Chicago,ATM,Engineer,Medium,Low,2
54.099999999999994,28.0,17.0,1.0,940.9099999999999,Credit,Boston,Branch,Engineer,Low,Low,2
18.100000000000023,57.0,66.0,1.0,6474.34,Debit,Louisville,ATM,Retired,Low,Medium,0
408.62,48.0,159.0,1.0,2498.48,Credit,Fort Worth,Online,Engineer,Medium,Low,2
162.1,64.0,221.0,1.0,9578.74,Debit,Baltimore,Branch,Doctor,Low,Medium,2
165.31,49.0,27.999999999999986,1.0,7346.66,Debit,Boston,ATM,Doctor,Low,Medium,2
856.9,36.0,150.0,1.0,8579.69,Debit,New York,Branch,Engineer,High,Medium,0
433.9,65.0,37.0,1.0,9013.1,Debit,,Online,Doctor,Medium,Medium,1
271.22,45.0,87.0,1.0,6863.02,Credit,Louisville,ATM,Doctor,Low,Medium,0
307.68,75.0,162.0,1.0,2052.84,Credit,Detroit,Online,Retired,Medium,Low,2
348.17,21.0,181.0,1.0,1887.8400000000001,Debit,El Paso,ATM,Student,Medium,Low,2
557.78,26.0,102.0,1.0,1289.48,Credit,Phoenix,Branch,Student,Medium,Low,1
325.6,69.0,88.0,1.0,13777.1,Debit,Dallas,ATM,Doctor,Medium,High,2
235.83,53.0,169.0,1.0,4120.75,Credit,Memphis,Online,Engineer,Low,Low,0
603.54,44.0,26.0,1.0,10517.47,Debit,Albuquerque,Online,Doctor,High,High,2
270.25,31.0,42.0,1.0,5414.97,Debit,Tucson,ATM,Engineer,Low,Medium,1
123.38,59.0,40.0,1.0,13542.41,Debit,Sacramento,Online,Doctor,Low,High,1
577.12,39.0,69.0,1.0,5265.88,Debit,Virginia Beach,ATM,Engineer,Medium,Medium,1
92.24000000000001,60.0,93.0,1.0,6937.48,Debit,Philadelphia,Branch,Engineer,Low,Medium,1
856.21,33.0,109.0,1.0,12690.79,Credit,Colorado Springs,Branch,Doctor,High,High,2
251.54,48.0,177.0,1.0,254.75,Debit,Tucson,Branch,Doctor,Low,Low,1
28.629999999999995,56.0,146.0,1.0,3382.91,Debit,San Diego,Branch,Retired,Low,Low,1
185.97,23.0,19.0,1.0,1776.9099999999999,Debit,Denver,Online,Student,Low,Low,2
243.08,24.0,93.0,1.0,131.25,Credit,Jacksonville,Online,Student,Low,Low,0
12.180000000000007,76.0,77.0,1.0,4909.24,Debit,New York,Branch,Retired,Low,Low,0
232.12,37.0,51.0,1.0,6689.87,Debit,Omaha,ATM,Engineer,Low,Medium,0
